USE_Twb,MIN_GPS_MEASUREMENTS_FOR_ALIGNMENT,gps_noise_std,MAX_GPS_MEASUREMENTS,Tiempo total de ejecución,RMSE posición,ATE,RMSE velocidad,RMSE rotación,Distancia recorrida,Transformación rígida (flattened)
False,1,0.1000000,100,57.6858637,0.0273927,0.0449074,0.0044201,1.8751730,21.2733022,"[1.0000000, 0.0000000, 0.0000000, 0.0000000, 0.0000000, 1.0000000, 0.0000000, 0.0000000, 0.0000000, 0.0000000, 1.0000000, 0.0000000, 0.0000000, 0.0000000, 0.0000000, 1.0000000]"
True,1,0.1000000,100,80.1316571,0.0239598,0.0406902,0.0045370,1.8751742,21.2733022,"[0.9994072, -0.0342460, -0.0035735, 0.0261362, 0.0342461, 0.9994136, -0.0000336, 0.0542463, 0.0035725, -0.0000888, 0.9999936, -0.0230221, 0.0000000, 0.0000000, 0.0000000, 1.0000000]"
True,5,0.1000000,100,79.9792688,0.0220338,0.0376035,0.0045528,1.8751742,21.2733022,"[0.9990935, -0.0424204, -0.0036939, 0.0299234, 0.0424678, 0.9990015, 0.0139080, 0.0396357, 0.0031005, -0.0140522, 0.9998965, -0.0153223, 0.0000000, 0.0000000, 0.0000000, 1.0000000]"
True,10,0.1000000,100,79.5642292,0.0214914,0.0365162,0.0045607,1.8751743,21.2733022,"[0.9993512, -0.0338992, -0.0121871, 0.0389841, 0.0340700, 0.9993203, 0.0140964, 0.0284356, 0.0117011, -0.0145024, 0.9998264, -0.0059524, 0.0000000, 0.0000000, 0.0000000, 1.0000000]"
True,15,0.1000000,100,81.2358131,0.0207307,0.0352472,0.0046163,1.8751749,21.2733022,"[0.9993320, -0.0339149, -0.0136386, 0.0413837, 0.0341470, 0.9992697, 0.0171671, 0.0234572, 0.0130467, -0.0176211, 0.9997597, -0.0022725, 0.0000000, 0.0000000, 0.0000000, 1.0000000]"
True,20,0.1000000,100,81.2284636,0.0208194,0.0354250,0.0046403,1.8751751,21.2733022,"[0.9992313, -0.0369881, -0.0130132, 0.0422729, 0.0372231, 0.9991395, 0.0183164, 0.0247660, 0.0123248, -0.0187865, 0.9997477, -0.0036428, 0.0000000, 0.0000000, 0.0000000, 1.0000000]"
True,25,0.1000000,100,78.5798736,0.0211418,0.0359096,0.0045924,1.8751746,21.2733022,"[0.9991678, -0.0391627, -0.0114396, 0.0412760, 0.0393724, 0.9990494, 0.0187342, 0.0246311, 0.0106954, -0.0191688, 0.9997592, -0.0064330, 0.0000000, 0.0000000, 0.0000000, 1.0000000]"
True,30,0.1000000,100,78.9242933,0.0212612,0.0359002,0.0046323,1.8751750,21.2733022,"[0.9991984, -0.0381669, -0.0121047, 0.0418812, 0.0383747, 0.9991117, 0.0174345, 0.0220358, 0.0114288, -0.0178848, 0.9997748, -0.0068538, 0.0000000, 0.0000000, 0.0000000, 1.0000000]"
True,35,0.1000000,100,77.9061747,0.0215511,0.0357709,0.0046243,1.8751750,21.2733022,"[0.9994612, -0.0293815, -0.0146447, 0.0413616, 0.0295786, 0.9994723, 0.0134340, 0.0135516, 0.0142424, -0.0138598, 0.9998026, -0.0057551, 0.0000000, 0.0000000, 0.0000000, 1.0000000]"
True,40,0.1000000,100,76.2699351,0.0222102,0.0363058,0.0046084,1.8751749,21.2733022,"[0.9973883, -0.0722432, -0.0025121, 0.0428792, 0.0722863, 0.9966466, 0.0384886, 0.0208297, -0.0002722, -0.0385696, 0.9992571, -0.0080514, 0.0000000, 0.0000000, 0.0000000, 1.0000000]"
True,45,0.1000000,100,72.0327020,0.0229874,0.0371870,0.0045291,1.8751740,21.2733022,"[0.9996478, -0.0226135, -0.0138939, 0.0370774, 0.0227528, 0.9996917, 0.0099494, 0.0050160, 0.0136647, -0.0102619, 0.9998540, -0.0074774, 0.0000000, 0.0000000, 0.0000000, 1.0000000]"
True,50,0.1000000,100,70.4186411,0.0232903,0.0374175,0.0045134,1.8751738,21.2733022,"[0.9996898, -0.0176022, -0.0176247, 0.0372314, 0.0177336, 0.9998159, 0.0073276, 0.0020140, 0.0174925, -0.0076379, 0.9998178, -0.0046028, 0.0000000, 0.0000000, 0.0000000, 1.0000000]"
True,55,0.1000000,100,71.3420279,0.0234015,0.0372893,0.0045686,1.8751744,21.2733022,"[0.9998753, -0.0146881, -0.0058007, 0.0131680, 0.0148373, 0.9995369, 0.0265730, -0.0273217, 0.0054078, -0.0266557, 0.9996302, -0.0073049, 0.0000000, 0.0000000, 0.0000000, 1.0000000]"
True,60,0.1000000,100,69.7337701,0.0242076,0.0386928,0.0045370,1.8751742,21.2733022,"[0.9998012, -0.0107368, -0.0168028, 0.0181972, 0.0108085, 0.9999328, 0.0041820, -0.0029499, 0.0167568, -0.0043627, 0.9998501, -0.0072110, 0.0000000, 0.0000000, 0.0000000, 1.0000000]"
True,65,0.1000000,100,63.1446235,0.0252365,0.0407203,0.0044047,1.8751727,21.2733022,"[0.9995872, -0.0206734, -0.0199597, 0.0185516, 0.0211169, 0.9995288, 0.0222820, -0.0173947, 0.0194898, -0.0226941, 0.9995526, 0.0038364, 0.0000000, 0.0000000, 0.0000000, 1.0000000]"
True,70,0.1000000,100,60.9717162,0.0259779,0.0424449,0.0043666,1.8751724,21.2733022,"[0.9996471, -0.0158772, -0.0213027, 0.0097276, 0.0160247, 0.9998487, 0.0067707, -0.0014769, 0.0211920, -0.0071096, 0.9997502, -0.0040209, 0.0000000, 0.0000000, 0.0000000, 1.0000000]"
True,75,0.1000000,100,58.7430823,0.0267954,0.0440618,0.0043213,1.8751720,21.2733022,"[0.9985813, -0.0518474, -0.0122463, 0.0069985, 0.0522014, 0.9981681, 0.0306434, 0.0030596, 0.0106366, -0.0312386, 0.9994559, -0.0044064, 0.0000000, 0.0000000, 0.0000000, 1.0000000]"
True,80,0.1000000,100,59.9178045,0.0271529,0.0447338,0.0043666,1.8751724,21.2733022,"[0.9989272, -0.0436393, -0.0155454, 0.0021482, 0.0440309, 0.9986972, 0.0258253, 0.0020827, 0.0143989, -0.0264816, 0.9995459, -0.0054378, 0.0000000, 0.0000000, 0.0000000, 1.0000000]"
True,85,0.1000000,100,57.8793838,0.0275696,0.0452135,0.0043439,1.8751721,21.2733022,"[0.9996070, 0.0039664, -0.0277535, -0.0086059, -0.0040868, 0.9999825, -0.0042837, -0.0025960, 0.0277360, 0.0043954, 0.9996057, -0.0090371, 0.0000000, 0.0000000, 0.0000000, 1.0000000]"
True,90,0.1000000,100,59.8069675,0.0273622,0.0448743,0.0044201,1.8751730,21.2733022,"[0.9996247, 0.0030485, -0.0272251, -0.0117030, -0.0031955, 0.9999806, -0.0053579, -0.0012814, 0.0272082, 0.0054428, 0.9996151, -0.0093357, 0.0000000, 0.0000000, 0.0000000, 1.0000000]"
True,95,0.1000000,100,58.8570745,0.0273947,0.0449076,0.0044201,1.8751730,21.2733022,"[0.9994678, 0.0085168, -0.0314948, -0.0136007, -0.0087066, 0.9999447, -0.0058972, -0.0050148, 0.0314429, 0.0061682, 0.9994867, -0.0064530, 0.0000000, 0.0000000, 0.0000000, 1.0000000]"
