USE_Twb,MIN_GPS_MEASUREMENTS_FOR_ALIGNMENT,gps_noise_std,MAX_GPS_MEASUREMENTS,Tiempo total de ejecución,RMSE posición,ATE,RMSE velocidad,RMSE rotación,Distancia recorrida,Transformación rígida (flattened)
False,1,0.2000000,100,75.4257600,0.0502096,0.0816394,0.0825321,1.9459161,44.7442754,"[1.0000000, 0.0000000, 0.0000000, 0.0000000, 0.0000000, 1.0000000, 0.0000000, 0.0000000, 0.0000000, 0.0000000, 1.0000000, 0.0000000, 0.0000000, 0.0000000, 0.0000000, 1.0000000]"
True,1,0.2000000,100,105.9395311,0.0366680,0.0596713,0.0886695,1.9459174,44.7442754,"[0.9980401, -0.0371316, -0.0506360, 0.0120715, 0.0290066, 0.9877744, -0.1537109, -0.0261860, 0.0556900, 0.1519528, 0.9869081, -0.0236691, 0.0000000, 0.0000000, 0.0000000, 1.0000000]"
True,5,0.2000000,100,95.3826771,0.0373892,0.0613347,0.0863371,1.9459215,44.7442754,"[0.9983429, -0.0322620, -0.0478516, 0.0168305, 0.0252636, 0.9897394, -0.1410520, -0.0197930, 0.0518880, 0.1396176, 0.9889095, -0.0286724, 0.0000000, 0.0000000, 0.0000000, 1.0000000]"
True,10,0.2000000,100,111.9112220,0.0407638,0.0658325,0.0865808,1.9459449,44.7442754,"[0.9977514, -0.0342655, -0.0578882, 0.0288543, 0.0247791, 0.9871539, -0.1584344, -0.0072669, 0.0625393, 0.1566567, 0.9857768, -0.0405393, 0.0000000, 0.0000000, 0.0000000, 1.0000000]"
True,15,0.2000000,100,95.2322838,0.0412044,0.0663327,0.0879772,1.9459321,44.7442754,"[0.9972883, -0.0378839, -0.0634617, 0.0314121, 0.0266305, 0.9850329, -0.1710495, -0.0077231, 0.0689449, 0.1689140, 0.9833617, -0.0453731, 0.0000000, 0.0000000, 0.0000000, 1.0000000]"
True,20,0.2000000,100,95.6501601,0.0403475,0.0650443,0.0886325,1.9459140,44.7442754,"[0.9974876, -0.0360310, -0.0613125, 0.0331098, 0.0257360, 0.9865058, -0.1623376, -0.0096871, 0.0662956, 0.1603671, 0.9849473, -0.0515315, 0.0000000, 0.0000000, 0.0000000, 1.0000000]"
True,25,0.2000000,100,105.9929280,0.0403049,0.0650989,0.0867435,1.9459136,44.7442754,"[0.9978475, -0.0326577, -0.0571161, 0.0340166, 0.0238665, 0.9885797, -0.1493018, -0.0091035, 0.0613120, 0.1476283, 0.9872259, -0.0532573, 0.0000000, 0.0000000, 0.0000000, 1.0000000]"
True,30,0.2000000,100,125.6302419,0.0407998,0.0659533,0.0861660,1.9459258,44.7442754,"[0.9968358, -0.0419430, -0.0679650, 0.0332057, 0.0292974, 0.9835630, -0.1790454, -0.0118636, 0.0742975, 0.1765117, 0.9816676, -0.0556360, 0.0000000, 0.0000000, 0.0000000, 1.0000000]"
True,35,0.2000000,100,111.4097903,0.0413655,0.0670820,0.0870830,1.9459161,44.7442754,"[0.9950970, -0.0549424, -0.0830967, 0.0329239, 0.0356404, 0.9749521, -0.2211848, -0.0141743, 0.0930241, 0.2171964, 0.9721004, -0.0597799, 0.0000000, 0.0000000, 0.0000000, 1.0000000]"
True,40,0.2000000,100,113.1409972,0.0417715,0.0679073,0.0869170,1.9459335,44.7442754,"[0.9943287, -0.0596163, -0.0891266, 0.0345005, 0.0374426, 0.9714690, -0.2361952, -0.0136896, 0.1004774, 0.2315946, 0.9681529, -0.0645199, 0.0000000, 0.0000000, 0.0000000, 1.0000000]"
True,45,0.2000000,100,116.0506728,0.0415351,0.0672732,0.0870809,1.9459136,44.7442754,"[0.9940760, -0.0603214, -0.0915118, 0.0364834, 0.0373520, 0.9709305, -0.2384981, -0.0128834, 0.1030433, 0.2337473, 0.9673916, -0.0729450, 0.0000000, 0.0000000, 0.0000000, 1.0000000]"
True,50,0.2000000,100,143.4694819,0.0411180,0.0663954,0.0862475,1.9459317,44.7442754,"[0.9961243, -0.0407224, -0.0784519, 0.0444234, 0.0262069, 0.9835538, -0.1796109, 0.0012236, 0.0844169, 0.1768857, 0.9807980, -0.1016439, 0.0000000, 0.0000000, 0.0000000, 1.0000000]"
True,55,0.2000000,100,157.6089430,0.0413786,0.0672299,0.0892752,1.9459261,44.7442754,"[0.9976540, -0.0330322, -0.0602194, 0.0194496, 0.0238364, 0.9887083, -0.1484492, -0.0128847, 0.0644153, 0.1466773, 0.9871708, -0.0679655, 0.0000000, 0.0000000, 0.0000000, 1.0000000]"
True,60,0.2000000,100,137.0461450,0.0436104,0.0711669,0.0866631,1.9459107,44.7442754,"[0.9985751, -0.0204739, -0.0493799, 0.0092506, 0.0152249, 0.9943982, -0.1047804, -0.0108248, 0.0512421, 0.1038824, 0.9932919, -0.0912200, 0.0000000, 0.0000000, 0.0000000, 1.0000000]"
True,65,0.2000000,100,78.9401751,0.0450621,0.0735842,0.0862536,1.9459297,44.7442754,"[0.9993115, -0.0096791, -0.0358497, -0.0041401, 0.0070128, 0.9972463, -0.0738913, -0.0012153, 0.0364652, 0.0735895, 0.9966275, -0.0826985, 0.0000000, 0.0000000, 0.0000000, 1.0000000]"
True,70,0.2000000,100,72.5524609,0.0463238,0.0755452,0.0856220,1.9459273,44.7442754,"[0.9997710, -0.0035281, -0.0211177, -0.0267734, 0.0023434, 0.9984342, -0.0559147, 0.0036656, 0.0212818, 0.0558525, 0.9982138, -0.0531243, 0.0000000, 0.0000000, 0.0000000, 1.0000000]"
True,75,0.2000000,100,66.2157979,0.0481996,0.0784506,0.0824133,1.9459370,44.7442754,"[0.9999306, 0.0009844, -0.0117437, -0.0440461, -0.0015636, 0.9987766, -0.0494427, 0.0148965, 0.0116807, 0.0494577, 0.9987087, -0.0298688, 0.0000000, 0.0000000, 0.0000000, 1.0000000]"
True,80,0.2000000,100,69.7480111,0.0486946,0.0794111,0.0852822,1.9459253,44.7442754,"[0.9999384, 0.0109613, 0.0017154, -0.0519684, -0.0109406, 0.9998720, -0.0116789, 0.0184617, -0.0018432, 0.0116594, 0.9999303, -0.0345696, 0.0000000, 0.0000000, 0.0000000, 1.0000000]"
True,85,0.2000000,100,72.2213247,0.0489601,0.0798557,0.0864042,1.9459419,44.7442754,"[0.9998463, 0.0151186, 0.0088821, -0.0623139, -0.0151621, 0.9998733, 0.0048516, 0.0233103, -0.0088077, -0.0049855, 0.9999488, -0.0300209, 0.0000000, 0.0000000, 0.0000000, 1.0000000]"
True,90,0.2000000,100,62.6986811,0.0502089,0.0816578,0.0821967,1.9459336,44.7442754,"[0.9999208, 0.0122172, 0.0030309, -0.0760052, -0.0121697, 0.9998097, -0.0152478, 0.0346791, -0.0032166, 0.0152097, 0.9998792, -0.0239018, 0.0000000, 0.0000000, 0.0000000, 1.0000000]"
True,95,0.2000000,100,62.5684891,0.0503008,0.0817745,0.0822054,1.9459350,44.7442754,"[0.9999602, 0.0078703, 0.0042053, -0.0956659, -0.0077968, 0.9998214, -0.0172164, 0.0200248, -0.0043400, 0.0171829, 0.9998429, -0.0122078, 0.0000000, 0.0000000, 0.0000000, 1.0000000]"
