USE_Twb,MIN_GPS_MEASUREMENTS_FOR_ALIGNMENT,gps_noise_std,MAX_GPS_MEASUREMENTS,Tiempo total de ejecución,RMSE posición,ATE,RMSE velocidad,RMSE rotación,Distancia recorrida,Transformación rígida (flattened)
False,1,0.1500000,100,64.2883942,0.0368316,0.0598398,0.0763640,1.9473794,33.5604978,"[1.0000000, 0.0000000, 0.0000000, 0.0000000, 0.0000000, 1.0000000, 0.0000000, 0.0000000, 0.0000000, 0.0000000, 1.0000000, 0.0000000, 0.0000000, 0.0000000, 0.0000000, 1.0000000]"
True,1,0.1500000,100,79.9190521,0.0301998,0.0486932,0.0774403,1.9473848,33.5604978,"[0.9992570, -0.0217810, -0.0318712, 0.0088955, 0.0182650, 0.9941029, -0.1070692, -0.0051465, 0.0340085, 0.1064097, 0.9937608, -0.0114376, 0.0000000, 0.0000000, 0.0000000, 1.0000000]"
True,5,0.1500000,100,76.6092532,0.0302257,0.0491683,0.0774396,1.9473820,33.5604978,"[0.9993969, -0.0188648, -0.0292073, 0.0112036, 0.0159690, 0.9952042, -0.0966379, -0.0045244, 0.0308859, 0.0961146, 0.9949044, -0.0156694, 0.0000000, 0.0000000, 0.0000000, 1.0000000]"
True,10,0.1500000,100,76.7734299,0.0324401,0.0521296,0.0773079,1.9473814,33.5604978,"[0.9992751, -0.0191274, -0.0329780, 0.0171460, 0.0157128, 0.9947624, -0.1011497, -0.0009937, 0.0347349, 0.1005599, 0.9943410, -0.0221255, 0.0000000, 0.0000000, 0.0000000, 1.0000000]"
True,15,0.1500000,100,76.1676912,0.0324047,0.0520089,0.0775708,1.9473808,33.5604978,"[0.9991908, -0.0202501, -0.0348250, 0.0182859, 0.0164956, 0.9943286, -0.1052347, -0.0013395, 0.0367524, 0.1045772, 0.9938570, -0.0240247, 0.0000000, 0.0000000, 0.0000000, 1.0000000]"
True,20,0.1500000,100,74.6253152,0.0313880,0.0504293,0.0775717,1.9473741,33.5604978,"[0.9992729, -0.0191762, -0.0330144, 0.0190149, 0.0158015, 0.9948878, -0.0998886, -0.0024598, 0.0347561, 0.0992960, 0.9944666, -0.0269253, 0.0000000, 0.0000000, 0.0000000, 1.0000000]"
True,25,0.1500000,100,71.6733398,0.0309580,0.0497729,0.0779622,1.9473857,33.5604978,"[0.9993272, -0.0183075, -0.0318351, 0.0197111, 0.0151905, 0.9952984, -0.0957864, -0.0025528, 0.0334349, 0.0952398, 0.9949061, -0.0291546, 0.0000000, 0.0000000, 0.0000000, 1.0000000]"
True,30,0.1500000,100,74.3065488,0.0311473,0.0500757,0.0780929,1.9473725,33.5604978,"[0.9990205, -0.0228244, -0.0380010, 0.0194439, 0.0184549, 0.9935593, -0.1120076, -0.0031614, 0.0403045, 0.1111995, 0.9930059, -0.0302694, 0.0000000, 0.0000000, 0.0000000, 1.0000000]"
True,35,0.1500000,100,78.4734271,0.0315020,0.0507394,0.0805418,1.9473615,33.5604978,"[0.9984939, -0.0289943, -0.0467466, 0.0193877, 0.0224772, 0.9906320, -0.1350623, -0.0034478, 0.0502065, 0.1338147, 0.9897882, -0.0321531, 0.0000000, 0.0000000, 0.0000000, 1.0000000]"
True,40,0.1500000,100,74.4377158,0.0315793,0.0509385,0.0770423,1.9473765,33.5604978,"[0.9983872, -0.0301580, -0.0482867, 0.0195549, 0.0232159, 0.9900570, -0.1391384, -0.0032574, 0.0519821, 0.1378004, 0.9891564, -0.0331496, 0.0000000, 0.0000000, 0.0000000, 1.0000000]"
True,45,0.1500000,100,68.1812019,0.0312841,0.0502281,0.0765024,1.9473769,33.5604978,"[0.9983705, -0.0299495, -0.0487598, 0.0201215, 0.0229681, 0.9901264, -0.1386804, -0.0031523, 0.0524114, 0.1373420, 0.9891970, -0.0373278, 0.0000000, 0.0000000, 0.0000000, 1.0000000]"
True,50,0.1500000,100,68.6613491,0.0308597,0.0493074,0.0774398,1.9473829,33.5604978,"[0.9989132, -0.0206247, -0.0418864, 0.0239281, 0.0160734, 0.9941936, -0.1065825, 0.0023765, 0.0438348, 0.1057960, 0.9934434, -0.0585532, 0.0000000, 0.0000000, 0.0000000, 1.0000000]"
True,55,0.1500000,100,71.2755461,0.0311265,0.0500664,0.0801887,1.9473567,33.5604978,"[0.9993007, -0.0185285, -0.0325326, 0.0066066, 0.0154114, 0.9954819, -0.0938147, -0.0075008, 0.0341199, 0.0932492, 0.9950706, -0.0365511, 0.0000000, 0.0000000, 0.0000000, 1.0000000]"
True,60,0.1500000,100,65.1008019,0.0325133,0.0526999,0.0773091,1.9473762,33.5604978,"[0.9996834, -0.0094490, -0.0233356, -0.0007653, 0.0080031, 0.9980857, -0.0613605, -0.0044810, 0.0238701, 0.0611545, 0.9978452, -0.0501361, 0.0000000, 0.0000000, 0.0000000, 1.0000000]"
True,65,0.1500000,100,62.0742798,0.0337347,0.0547937,0.0752458,1.9473808,33.5604978,"[0.9998844, -0.0029026, -0.0149317, -0.0108105, 0.0022825, 0.9991406, -0.0413982, 0.0017596, 0.0150390, 0.0413593, 0.9990316, -0.0477952, 0.0000000, 0.0000000, 0.0000000, 1.0000000]"
True,70,0.1500000,100,61.8418899,0.0346480,0.0562724,0.0749614,1.9473810,33.5604978,"[0.9999745, -0.0003641, -0.0071378, -0.0272086, 0.0001348, 0.9994844, -0.0321124, 0.0022676, 0.0071458, 0.0321106, 0.9994589, -0.0330222, 0.0000000, 0.0000000, 0.0000000, 1.0000000]"
True,75,0.1500000,100,60.4210212,0.0354842,0.0576761,0.0755298,1.9473807,33.5604978,"[0.9999872, 0.0006740, -0.0050057, -0.0373765, -0.0008523, 0.9993618, -0.0357155, 0.0094170, 0.0049785, 0.0357194, 0.9993497, -0.0194569, 0.0000000, 0.0000000, 0.0000000, 1.0000000]"
True,80,0.1500000,100,62.9046319,0.0362977,0.0590372,0.0755304,1.9473808,33.5604978,"[0.9999489, 0.0088918, 0.0048231, -0.0421962, -0.0088459, 0.9999160, -0.0094739, 0.0178938, -0.0049069, 0.0094308, 0.9999435, -0.0213324, 0.0000000, 0.0000000, 0.0000000, 1.0000000]"
True,85,0.1500000,100,75.4615641,0.0367222,0.0596923,0.0752501,1.9473808,33.5604978,"[0.9999034, 0.0109937, 0.0085094, -0.0502532, -0.0109850, 0.9999391, -0.0010697, 0.0208844, -0.0085207, 0.0009761, 0.9999632, -0.0186793, 0.0000000, 0.0000000, 0.0000000, 1.0000000]"
True,90,0.1500000,100,66.3398550,0.0369372,0.0600111,0.0751051,1.9473809,33.5604978,"[0.9999698, 0.0071195, 0.0031301, -0.0579737, -0.0070724, 0.9998655, -0.0147947, 0.0187279, -0.0032350, 0.0147721, 0.9998857, -0.0154696, 0.0000000, 0.0000000, 0.0000000, 1.0000000]"
True,95,0.1500000,100,58.0669270,0.0370191,0.0601189,0.0749593,1.9473810,33.5604978,"[0.9999812, 0.0049585, 0.0035959, -0.0694753, -0.0049020, 0.9998668, -0.0155675, 0.0115122, -0.0036726, 0.0155496, 0.9998724, -0.0086867, 0.0000000, 0.0000000, 0.0000000, 1.0000000]"
