USE_Twb,Obs-criteria,MIN_GPS_MEASUREMENTS_FOR_ALIGNMENT,gps_noise_std,MAX_GPS_MEASUREMENTS,Tiempo total de ejecución,RMSE posición,ATE,RMSE velocidad,RMSE rotación,RMSE bias gyr,yaw error,Distancia recorrida,Transformación rígida (flattened)
False,False,1,0.1000000,100,40.7583971,0.0247523,0.0398216,0.0620698,1.9458870,0.0471443,2.3632971,22.3770339,"[1.0000000, 0.0000000, 0.0000000, 0.0000000, 0.0000000, 1.0000000, 0.0000000, 0.0000000, 0.0000000, 0.0000000, 1.0000000, 0.0000000, 0.0000000, 0.0000000, 0.0000000, 1.0000000]"
True,False,1,0.1000000,100,53.8726802,0.0232039,0.0368070,0.0618832,1.9458870,0.0468819,2.3640434,22.3770339,"[0.9998383, -0.0108208, -0.0143763, 0.0027405, 0.0099078, 0.9980171, -0.0621928, 0.0018415, 0.0150201, 0.0620405, 0.9979628, -0.0060756, 0.0000000, 0.0000000, 0.0000000, 1.0000000]"
True,False,5,0.1000000,100,52.2899802,0.0230099,0.0368602,0.0618832,1.9458870,0.0468023,2.3640434,22.3770339,"[0.9998808, -0.0091991, -0.0124085, 0.0036980, 0.0084985, 0.9984279, -0.0554276, 0.0012533, 0.0128985, 0.0553156, 0.9983869, -0.0082693, 0.0000000, 0.0000000, 0.0000000, 1.0000000]"
True,False,10,0.1000000,100,53.1511769,0.0241102,0.0383223,0.0631784,1.9458870,0.0469815,2.3588887,22.3770339,"[0.9998682, -0.0090695, -0.0134718, 0.0063225, 0.0083075, 0.9984185, -0.0556258, 0.0014876, 0.0139546, 0.0555066, 0.9983622, -0.0111597, 0.0000000, 0.0000000, 0.0000000, 1.0000000]"
True,False,15,0.1000000,100,51.7186918,0.0235283,0.0374498,0.0631784,1.9458870,0.0470219,2.3588887,22.3770339,"[0.9998582, -0.0094241, -0.0139637, 0.0067283, 0.0086142, 0.9983374, -0.0570180, 0.0013993, 0.0144773, 0.0568898, 0.9982770, -0.0119185, 0.0000000, 0.0000000, 0.0000000, 1.0000000]"
True,False,20,0.1000000,100,49.5739939,0.0223091,0.0355280,0.0618832,1.9458870,0.0470611,2.3640435,22.3770339,"[0.9998773, -0.0089791, -0.0128398, 0.0068546, 0.0082639, 0.9984668, -0.0547559, 0.0009625, 0.0133113, 0.0546432, 0.9984185, -0.0130215, 0.0000000, 0.0000000, 0.0000000, 1.0000000]"
True,False,25,0.1000000,100,49.2087309,0.0217270,0.0345570,0.0618832,1.9458870,0.0470205,2.3640435,22.3770339,"[0.9998851, -0.0087962, -0.0123551, 0.0069211, 0.0081224, 0.9985303, -0.0536065, 0.0008147, 0.0128081, 0.0535001, 0.9984869, -0.0138854, 0.0000000, 0.0000000, 0.0000000, 1.0000000]"
True,False,30,0.1000000,100,48.4304602,0.0216806,0.0344324,0.0618832,1.9458870,0.0469483,2.3640435,22.3770339,"[0.9998333, -0.0105465, -0.0149154, 0.0066529, 0.0096274, 0.9981259, -0.0604631, 0.0010097, 0.0155245, 0.0603096, 0.9980609, -0.0139721, 0.0000000, 0.0000000, 0.0000000, 1.0000000]"
True,False,35,0.1000000,100,47.2188570,0.0216909,0.0344514,0.0609424,1.9458867,0.0468415,2.3678234,22.3770339,"[0.9997645, -0.0124427, -0.0177970, 0.0061877, 0.0112011, 0.9976032, -0.0683260, 0.0013548, 0.0186035, 0.0681109, 0.9975075, -0.0138649, 0.0000000, 0.0000000, 0.0000000, 1.0000000]"
True,False,40,0.1000000,100,46.4325540,0.0216777,0.0344182,0.0609424,1.9458867,0.0470536,2.3678236,22.3770339,"[0.9997247, -0.0133432, -0.0193176, 0.0063810, 0.0119187, 0.9973252, -0.0721675, 0.0014799, 0.0202276, 0.0719178, 0.9972094, -0.0148079, 0.0000000, 0.0000000, 0.0000000, 1.0000000]"
True,False,45,0.1000000,100,46.2876182,0.0214298,0.0337990,0.0615084,1.9458867,0.0470010,2.3655456,22.3770339,"[0.9997203, -0.0132844, -0.0195864, 0.0064146, 0.0118364, 0.9973108, -0.0723796, 0.0013845, 0.0204939, 0.0721279, 0.9971889, -0.0167254, 0.0000000, 0.0000000, 0.0000000, 1.0000000]"
True,False,50,0.1000000,100,46.5254002,0.0211592,0.0331093,0.0626265,1.9458870,0.0469923,2.3610786,22.3770339,"[0.9998682, -0.0078824, -0.0142025, 0.0075312, 0.0071508, 0.9986798, -0.0508859, 0.0027871, 0.0145846, 0.0507777, 0.9986045, -0.0289334, 0.0000000, 0.0000000, 0.0000000, 1.0000000]"
True,False,55,0.1000000,100,47.6289020,0.0213190,0.0335641,0.0635436,1.9458871,0.0469928,2.3574450,22.3770339,"[0.9998887, -0.0089139, -0.0119678, -0.0031421, 0.0082783, 0.9986041, -0.0521864, -0.0028693, 0.0124160, 0.0520816, 0.9985667, -0.0158141, 0.0000000, 0.0000000, 0.0000000, 1.0000000]"
True,False,60,0.1000000,100,46.1570399,0.0219945,0.0349901,0.0629949,1.9458870,0.0468424,2.3596155,22.3770339,"[0.9999805, -0.0031283, -0.0054062, -0.0073019, 0.0029642, 0.9995422, -0.0301150, -0.0011470, 0.0054980, 0.0300984, 0.9995319, -0.0239759, 0.0000000, 0.0000000, 0.0000000, 1.0000000]"
True,False,65,0.1000000,100,44.7375529,0.0226353,0.0362104,0.0620698,1.9458870,0.0469971,2.3632973,22.3770339,"[0.9999976, -0.0001445, -0.0021861, -0.0131901, 0.0000971, 0.9997651, -0.0216736, 0.0029353, 0.0021888, 0.0216733, 0.9997627, -0.0247194, 0.0000000, 0.0000000, 0.0000000, 1.0000000]"
True,False,70,0.1000000,100,43.0265012,0.0233027,0.0374139,0.0601805,1.9458866,0.0469211,2.3709077,22.3770339,"[0.9999983, 0.0007423, 0.0016737, -0.0246057, -0.0007142, 0.9998600, -0.0167200, 0.0014589, -0.0016859, 0.0167188, 0.9998588, -0.0178657, 0.0000000, 0.0000000, 0.0000000, 1.0000000]"
True,False,75,0.1000000,100,41.7913091,0.0238718,0.0384179,0.0607526,1.9458869,0.0470956,2.3685897,22.3770339,"[1.0000000, -0.0000751, -0.0000056, -0.0306166, 0.0000749, 0.9996898, -0.0249058, 0.0051089, 0.0000075, 0.0249058, 0.9996899, -0.0108328, 0.0000000, 0.0000000, 0.0000000, 1.0000000]"
True,False,80,0.1000000,100,42.0119791,0.0243792,0.0392856,0.0611315,1.9458867,0.0470423,2.3670607,22.3770339,"[0.9999579, 0.0066911, 0.0062774, -0.0307138, -0.0066442, 0.9999501, -0.0074651, 0.0168825, -0.0063271, 0.0074230, 0.9999524, -0.0110036, 0.0000000, 0.0000000, 0.0000000, 1.0000000]"
True,False,85,0.1000000,100,40.7565551,0.0246552,0.0397189,0.0603717,1.9458867,0.0471301,2.3701317,22.3770339,"[0.9999443, 0.0074185, 0.0075005, -0.0352495, -0.0073887, 0.9999647, -0.0040044, 0.0179028, -0.0075299, 0.0039488, 0.9999639, -0.0094749, 0.0000000, 0.0000000, 0.0000000, 1.0000000]"
True,False,90,0.1000000,100,42.0271378,0.0247090,0.0397678,0.0622559,1.9458870,0.0472035,2.3625542,22.3770339,"[0.9999906, 0.0031455, 0.0029659, -0.0400796, -0.0031070, 0.9999119, -0.0129053, 0.0075773, -0.0030062, 0.0128959, 0.9999123, -0.0085663, 0.0000000, 0.0000000, 0.0000000, 1.0000000]"
True,False,95,0.1000000,100,41.1755912,0.0247557,0.0398269,0.0622559,1.9458870,0.0470258,2.3625543,22.3770339,"[0.9999933, 0.0024359, 0.0027378, -0.0450616, -0.0024005, 0.9999142, -0.0128805, 0.0052610, -0.0027689, 0.0128738, 0.9999133, -0.0054600, 0.0000000, 0.0000000, 0.0000000, 1.0000000]"
True,False,95,0.1000000,100,41.2118220,0.0247557,0.0398269,0.0622559,1.9458870,0.0470617,2.3625543,22.3770339,"[0.9999933, 0.0024359, 0.0027378, -0.0450616, -0.0024005, 0.9999142, -0.0128805, 0.0052610, -0.0027689, 0.0128738, 0.9999133, -0.0054600, 0.0000000, 0.0000000, 0.0000000, 1.0000000]"
True,True,11,0.1000000,100,52.8363912,0.0240965,0.0382771,0.0631783,1.9458870,0.0472504,2.3588888,22.3770339,"[0.9998620, -0.0092636, -0.0138004, 0.0065515, 0.0084720, 0.9983736, -0.0564028, 0.0015029, 0.0143000, 0.0562782, 0.9983142, -0.0113606, 0.0000000, 0.0000000, 0.0000000, 1.0000000]"
