USE_Twb,MIN_GPS_MEASUREMENTS_FOR_ALIGNMENT,gps_noise_std,MAX_GPS_MEASUREMENTS,Tiempo total de ejecución,RMSE posición,ATE,RMSE velocidad,RMSE rotación,Distancia recorrida,Transformación rígida (flattened)
False,1,0.1000000,100,56.1127653,0.0243496,0.0379936,0.0030704,2.8167412,21.2122247,"[1.0000000, 0.0000000, 0.0000000, 0.0000000, 0.0000000, 1.0000000, 0.0000000, 0.0000000, 0.0000000, 0.0000000, 1.0000000, 0.0000000, 0.0000000, 0.0000000, 0.0000000, 1.0000000]"
True,1,0.1000000,100,79.2112763,0.0125670,0.0196310,0.0031202,2.8167329,21.2122247,"[0.9999744, 0.0049304, -0.0051792, 0.0011266, -0.0048934, 0.9999626, 0.0071311, -0.0104925, 0.0052142, -0.0071056, 0.9999611, -0.0028128, 0.0000000, 0.0000000, 0.0000000, 1.0000000]"
True,5,0.1000000,100,74.6188760,0.0130424,0.0202004,0.0030954,2.8167541,21.2122247,"[0.9999780, 0.0046422, -0.0047407, 0.0014729, -0.0046096, 0.9999658, 0.0068631, -0.0103201, 0.0047724, -0.0068411, 0.9999652, -0.0031233, 0.0000000, 0.0000000, 0.0000000, 1.0000000]"
True,10,0.1000000,100,73.7791827,0.0134962,0.0206630,0.0030954,2.8167541,21.2122247,"[0.9999767, 0.0042439, -0.0053534, 0.0041932, -0.0042069, 0.9999673, 0.0068998, -0.0100302, 0.0053825, -0.0068771, 0.9999619, -0.0030916, 0.0000000, 0.0000000, 0.0000000, 1.0000000]"
True,15,0.1000000,100,74.0233564,0.0135669,0.0205912,0.0031064,2.8167362,21.2122247,"[0.9999527, 0.0060208, -0.0076389, 0.0033132, -0.0059648, 0.9999554, 0.0073278, -0.0105497, 0.0076827, -0.0072819, 0.9999440, -0.0033882, 0.0000000, 0.0000000, 0.0000000, 1.0000000]"
True,20,0.1000000,100,73.1017792,0.0137044,0.0206935,0.0031064,2.8167362,21.2122247,"[0.9999455, 0.0060156, -0.0085324, 0.0045600, -0.0059492, 0.9999520, 0.0077898, -0.0118841, 0.0085788, -0.0077386, 0.9999332, -0.0025127, 0.0000000, 0.0000000, 0.0000000, 1.0000000]"
True,25,0.1000000,100,72.5614192,0.0140134,0.0211205,0.0031064,2.8167362,21.2122247,"[0.9998335, 0.0101207, -0.0151867, 0.0029658, -0.0099939, 0.9999148, 0.0084055, -0.0119358, 0.0152705, -0.0082524, 0.9998494, -0.0036791, 0.0000000, 0.0000000, 0.0000000, 1.0000000]"
True,30,0.1000000,100,73.1395545,0.0143366,0.0217870,0.0031202,2.8167329,21.2122247,"[0.9996832, 0.0132891, -0.0213775, 0.0026711, -0.0131057, 0.9998763, 0.0086952, -0.0119938, 0.0214904, -0.0084123, 0.9997337, -0.0051925, 0.0000000, 0.0000000, 0.0000000, 1.0000000]"
True,35,0.1000000,100,69.3724983,0.0151683,0.0234530,0.0030954,2.8167541,21.2122247,"[0.9984958, 0.0241268, -0.0492590, 0.0078349, -0.0236059, 0.9996596, 0.0111366, -0.0102902, 0.0495107, -0.0099580, 0.9987249, -0.0137409, 0.0000000, 0.0000000, 0.0000000, 1.0000000]"
True,40,0.1000000,100,68.8297179,0.0154381,0.0240449,0.0031009,2.8167512,21.2122247,"[0.9992492, 0.0187021, -0.0339397, 0.0036605, -0.0183870, 0.9997852, 0.0095763, -0.0127185, 0.0341115, -0.0089453, 0.9993783, -0.0079949, 0.0000000, 0.0000000, 0.0000000, 1.0000000]"
True,45,0.1000000,100,67.5528250,0.0154172,0.0240050,0.0030982,2.8167253,21.2122247,"[0.9985810, 0.0237194, -0.0477013, 0.0065882, -0.0236010, 0.9997170, 0.0030451, -0.0038021, 0.0477600, -0.0019158, 0.9988578, -0.0286013, 0.0000000, 0.0000000, 0.0000000, 1.0000000]"
True,50,0.1000000,100,68.4959559,0.0150740,0.0237033,0.0031147,2.8167405,21.2122247,"[0.9975565, 0.0293018, -0.0634712, 0.0084054, -0.0285083, 0.9995046, 0.0133854, -0.0103045, 0.0638315, -0.0115456, 0.9978966, -0.0184166, 0.0000000, 0.0000000, 0.0000000, 1.0000000]"
True,55,0.1000000,100,67.0653617,0.0157373,0.0250077,0.0031147,2.8167405,21.2122247,"[0.9959075, 0.0347923, -0.0835162, 0.0103027, -0.0333560, 0.9992726, 0.0185659, -0.0107066, 0.0841002, -0.0157102, 0.9963412, -0.0221888, 0.0000000, 0.0000000, 0.0000000, 1.0000000]"
True,60,0.1000000,100,68.1443264,0.0170422,0.0267879,0.0031367,2.8167348,21.2122247,"[0.9934512, 0.0446508, -0.1053867, 0.0057952, -0.0417850, 0.9987004, 0.0293329, -0.0137279, 0.1065554, -0.0247531, 0.9940194, -0.0177163, 0.0000000, 0.0000000, 0.0000000, 1.0000000]"
True,65,0.1000000,100,64.0147047,0.0196540,0.0305364,0.0031037,2.8167355,21.2122247,"[0.9980629, 0.0194524, -0.0591275, 0.0015563, -0.0184396, 0.9996746, 0.0176434, -0.0134112, 0.0594511, -0.0165201, 0.9980965, -0.0195796, 0.0000000, 0.0000000, 0.0000000, 1.0000000]"
True,70,0.1000000,100,60.6165884,0.0219774,0.0342445,0.0030787,2.8167422,21.2122247,"[0.9981725, 0.0169292, -0.0580412, -0.0026234, -0.0158344, 0.9996889, 0.0192885, -0.0150881, 0.0583494, -0.0183352, 0.9981297, -0.0206768, 0.0000000, 0.0000000, 0.0000000, 1.0000000]"
True,75,0.1000000,100,58.0838177,0.0234768,0.0367436,0.0030621,2.8167419,21.2122247,"[0.9988477, 0.0060144, -0.0476317, 0.0024498, -0.0050214, 0.9997680, 0.0209529, -0.0219578, 0.0477466, -0.0206897, 0.9986461, -0.0145945, 0.0000000, 0.0000000, 0.0000000, 1.0000000]"
True,80,0.1000000,100,55.5751607,0.0243956,0.0382013,0.0030455,2.8167424,21.2122247,"[0.9993401, -0.0022182, -0.0362635, 0.0012239, 0.0029067, 0.9998162, 0.0189519, -0.0256241, 0.0362148, -0.0190448, 0.9991629, -0.0145911, 0.0000000, 0.0000000, 0.0000000, 1.0000000]"
True,85,0.1000000,100,56.7587230,0.0242222,0.0378777,0.0030676,2.8167417,21.2122247,"[0.9996754, -0.0080498, -0.0241754, -0.0041179, 0.0084629, 0.9998190, 0.0170390, -0.0265504, 0.0240339, -0.0172380, 0.9995626, -0.0114973, 0.0000000, 0.0000000, 0.0000000, 1.0000000]"
True,90,0.1000000,100,56.0500453,0.0242976,0.0379385,0.0030704,2.8167412,21.2122247,"[0.9996597, -0.0089216, -0.0245191, -0.0059546, 0.0093214, 0.9998246, 0.0162451, -0.0251863, 0.0243699, -0.0164681, 0.9995674, -0.0133477, 0.0000000, 0.0000000, 0.0000000, 1.0000000]"
True,95,0.1000000,100,55.3090978,0.0243490,0.0379951,0.0030704,2.8167412,21.2122247,"[0.9998114, -0.0131676, -0.0142782, -0.0128694, 0.0133122, 0.9998605, 0.0100855, -0.0232154, 0.0141434, -0.0102736, 0.9998472, -0.0178877, 0.0000000, 0.0000000, 0.0000000, 1.0000000]"
