USE_Twb,MIN_GPS_MEASUREMENTS_FOR_ALIGNMENT,gps_noise_std,MAX_GPS_MEASUREMENTS,Tiempo total de ejecución,RMSE posición,ATE,RMSE velocidad,RMSE rotación,Distancia recorrida,Transformación rígida (flattened)
False,1,0.1000000,100,51.2635889,0.0305184,0.0507930,0.0012608,2.6619697,20.8688916,"[1.0000000, 0.0000000, 0.0000000, 0.0000000, 0.0000000, 1.0000000, 0.0000000, 0.0000000, 0.0000000, 0.0000000, 1.0000000, 0.0000000, 0.0000000, 0.0000000, 0.0000000, 1.0000000]"
True,1,0.1000000,100,79.1550157,0.0186864,0.0298271,0.0013055,2.6619720,20.8688916,"[0.9999989, -0.0003131, 0.0014609, 0.0043529, 0.0002984, 0.9999498, 0.0100118, -0.0042506, -0.0014639, -0.0100114, 0.9999488, 0.0030545, 0.0000000, 0.0000000, 0.0000000, 1.0000000]"
True,5,0.1000000,100,77.4987800,0.0185675,0.0298399,0.0013014,2.6619740,20.8688916,"[0.9999984, -0.0001598, 0.0017761, 0.0046610, 0.0001413, 0.9999460, 0.0103911, -0.0042792, -0.0017776, -0.0103908, 0.9999444, 0.0033002, 0.0000000, 0.0000000, 0.0000000, 1.0000000]"
True,10,0.1000000,100,77.7395766,0.0187811,0.0300846,0.0013041,2.6619725,20.8688916,"[0.9999961, 0.0002315, 0.0027804, 0.0061056, -0.0002660, 0.9999230, 0.0124081, -0.0040711, -0.0027773, -0.0124088, 0.9999192, 0.0037573, 0.0000000, 0.0000000, 0.0000000, 1.0000000]"
True,15,0.1000000,100,76.9763405,0.0191765,0.0306330,0.0013055,2.6619720,20.8688916,"[0.9999882, 0.0014551, 0.0046374, 0.0076209, -0.0015432, 0.9998171, 0.0190623, -0.0023144, -0.0046088, -0.0190692, 0.9998075, 0.0022908, 0.0000000, 0.0000000, 0.0000000, 1.0000000]"
True,20,0.1000000,100,74.5090544,0.0197078,0.0314019,0.0013000,2.6619701,20.8688916,"[0.9999892, 0.0012389, 0.0044838, 0.0077345, -0.0013257, 0.9998110, 0.0193988, -0.0026680, -0.0044589, -0.0194045, 0.9998018, 0.0023791, 0.0000000, 0.0000000, 0.0000000, 1.0000000]"
True,25,0.1000000,100,75.7872858,0.0200680,0.0318134,0.0012973,2.6619711,20.8688916,"[0.9999961, -0.0000135, 0.0027881, 0.0066514, -0.0000266, 0.9998960, 0.0144173, -0.0046273, -0.0027880, -0.0144173, 0.9998922, 0.0041671, 0.0000000, 0.0000000, 0.0000000, 1.0000000]"
True,30,0.1000000,100,73.6709335,0.0203738,0.0323214,0.0013027,2.6619701,20.8688916,"[0.9999880, -0.0037563, 0.0031358, 0.0002935, 0.0037052, 0.9998626, 0.0161554, -0.0227217, -0.0031960, -0.0161436, 0.9998646, 0.0041954, 0.0000000, 0.0000000, 0.0000000, 1.0000000]"
True,35,0.1000000,100,72.2172644,0.0216529,0.0345765,0.0012973,2.6619711,20.8688916,"[0.9999928, 0.0016170, 0.0034290, 0.0087995, -0.0016850, 0.9997998, 0.0199406, -0.0032980, -0.0033961, -0.0199462, 0.9997953, 0.0027868, 0.0000000, 0.0000000, 0.0000000, 1.0000000]"
True,40,0.1000000,100,72.0206742,0.0234467,0.0380204,0.0012987,2.6619728,20.8688916,"[0.9999943, 0.0023023, 0.0024866, 0.0105009, -0.0023515, 0.9997981, 0.0199591, -0.0039273, -0.0024402, -0.0199648, 0.9997977, 0.0031586, 0.0000000, 0.0000000, 0.0000000, 1.0000000]"
True,45,0.1000000,100,71.9551640,0.0247986,0.0406452,0.0013096,2.6619718,20.8688916,"[0.9999927, 0.0031397, 0.0021918, 0.0116555, -0.0031844, 0.9997804, 0.0207132, -0.0043087, -0.0021262, -0.0207200, 0.9997831, 0.0036560, 0.0000000, 0.0000000, 0.0000000, 1.0000000]"
True,50,0.1000000,100,70.0479665,0.0256419,0.0425003,0.0012987,2.6619728,20.8688916,"[0.9999905, 0.0039663, 0.0017956, 0.0106025, -0.0040030, 0.9997730, 0.0209275, -0.0031851, -0.0017121, -0.0209345, 0.9997794, 0.0031070, 0.0000000, 0.0000000, 0.0000000, 1.0000000]"
True,55,0.1000000,100,69.7118442,0.0258346,0.0432763,0.0013014,2.6619740,20.8688916,"[0.9999943, 0.0033808, 0.0000476, 0.0033798, -0.0033811, 0.9998615, 0.0162921, -0.0055021, 0.0000075, -0.0162922, 0.9998673, 0.0026269, 0.0000000, 0.0000000, 0.0000000, 1.0000000]"
True,60,0.1000000,100,66.8248723,0.0266155,0.0448269,0.0012895,2.6619713,20.8688916,"[0.9999921, 0.0038901, -0.0008463, -0.0033872, -0.0038776, 0.9998907, 0.0142634, -0.0041063, 0.0009017, -0.0142600, 0.9998979, 0.0014615, 0.0000000, 0.0000000, 0.0000000, 1.0000000]"
True,65,0.1000000,100,59.4365149,0.0276333,0.0466109,0.0012664,2.6619704,20.8688916,"[0.9999835, 0.0055290, -0.0015408, -0.0087052, -0.0055112, 0.9999208, 0.0113087, 0.0005241, 0.0016032, -0.0113000, 0.9999349, 0.0000227, 0.0000000, 0.0000000, 0.0000000, 1.0000000]"
True,70,0.1000000,100,56.9255388,0.0285094,0.0479982,0.0012598,2.6619697,20.8688916,"[0.9999826, 0.0058414, -0.0008199, -0.0168962, -0.0058333, 0.9999374, 0.0095558, -0.0024142, 0.0008757, -0.0095509, 0.9999540, 0.0003927, 0.0000000, 0.0000000, 0.0000000, 1.0000000]"
True,75,0.1000000,100,54.8182755,0.0294287,0.0493665,0.0012587,2.6619699,20.8688916,"[0.9999812, 0.0057696, -0.0020588, -0.0226860, -0.0057675, 0.9999828, 0.0010257, -0.0033705, 0.0020647, -0.0010138, 0.9999974, -0.0002527, 0.0000000, 0.0000000, 0.0000000, 1.0000000]"
True,80,0.1000000,100,57.0479705,0.0299056,0.0499382,0.0012675,2.6619704,20.8688916,"[0.9999794, 0.0060918, -0.0020270, -0.0280369, -0.0060973, 0.9999777, -0.0027284, -0.0028103, 0.0020104, 0.0027407, 0.9999942, -0.0008714, 0.0000000, 0.0000000, 0.0000000, 1.0000000]"
True,85,0.1000000,100,54.7014165,0.0302286,0.0503581,0.0012664,2.6619704,20.8688916,"[0.9999768, 0.0063317, -0.0025020, -0.0331398, -0.0063455, 0.9999645, -0.0055382, -0.0013665, 0.0024669, 0.0055539, 0.9999815, -0.0005492, 0.0000000, 0.0000000, 0.0000000, 1.0000000]"
True,90,0.1000000,100,53.7159047,0.0304091,0.0506038,0.0012641,2.6619701,20.8688916,"[0.9999276, 0.0036308, -0.0114732, -0.0367443, -0.0040038, 0.9994584, -0.0326688, 0.0030627, 0.0113484, 0.0327124, 0.9994006, 0.0036809, 0.0000000, 0.0000000, 0.0000000, 1.0000000]"
True,95,0.1000000,100,52.0984855,0.0305246,0.0508033,0.0012608,2.6619697,20.8688916,"[0.9999713, 0.0075733, -0.0001461, -0.0429437, -0.0075736, 0.9999689, -0.0022162, 0.0049444, 0.0001293, 0.0022172, 0.9999976, -0.0023255, 0.0000000, 0.0000000, 0.0000000, 1.0000000]"
