USE_Twb,MIN_GPS_MEASUREMENTS_FOR_ALIGNMENT,gps_noise_std,MAX_GPS_MEASUREMENTS,Tiempo total de ejecución,RMSE posición,ATE,RMSE velocidad,RMSE rotación,Distancia recorrida,Transformación rígida (flattened)
False,1,0.1000000,100,64.8591509,0.0199905,0.0321827,0.0572745,1.9475182,22.4085701,"[1.0000000, 0.0000000, 0.0000000, 0.0000000, 0.0000000, 1.0000000, 0.0000000, 0.0000000, 0.0000000, 0.0000000, 1.0000000, 0.0000000, 0.0000000, 0.0000000, 0.0000000, 1.0000000]"
False,1,0.1000000,100,80.9569881,0.0210666,0.0319577,0.0688820,1.9480782,22.7668087,"[1.0000000, 0.0000000, 0.0000000, 0.0000000, 0.0000000, 1.0000000, 0.0000000, 0.0000000, 0.0000000, 0.0000000, 1.0000000, 0.0000000, 0.0000000, 0.0000000, 0.0000000, 1.0000000]"
False,1,0.1000000,100,79.0742202,0.0217639,0.0344085,0.0687377,1.9470590,22.9663597,"[1.0000000, 0.0000000, 0.0000000, 0.0000000, 0.0000000, 1.0000000, 0.0000000, 0.0000000, 0.0000000, 0.0000000, 1.0000000, 0.0000000, 0.0000000, 0.0000000, 0.0000000, 1.0000000]"
False,1,0.1000000,100,67.7246130,0.0267232,0.0395937,0.0601836,1.9463797,22.6106997,"[1.0000000, 0.0000000, 0.0000000, 0.0000000, 0.0000000, 1.0000000, 0.0000000, 0.0000000, 0.0000000, 0.0000000, 1.0000000, 0.0000000, 0.0000000, 0.0000000, 0.0000000, 1.0000000]"
False,1,0.1000000,100,75.7157764,0.0214802,0.0344059,0.0664367,1.9504931,23.2649644,"[1.0000000, 0.0000000, 0.0000000, 0.0000000, 0.0000000, 1.0000000, 0.0000000, 0.0000000, 0.0000000, 0.0000000, 1.0000000, 0.0000000, 0.0000000, 0.0000000, 0.0000000, 1.0000000]"
True,1,0.1000000,100,87.7153287,0.0180095,0.0263386,0.0608173,1.9491088,23.3181999,"[0.9998395, -0.0124888, -0.0128521, -0.0057677, 0.0117186, 0.9982256, -0.0584091, 0.0094615, 0.0135581, 0.0582493, 0.9982117, -0.0122617, 0.0000000, 0.0000000, 0.0000000, 1.0000000]"
True,1,0.1000000,100,92.4029040,0.0332024,0.0521511,0.0628452,1.9480425,22.4937903,"[0.9995974, -0.0156228, -0.0237174, 0.0085884, 0.0136250, 0.9965186, -0.0823306, 0.0123878, 0.0249187, 0.0819749, 0.9963298, -0.0018502, 0.0000000, 0.0000000, 0.0000000, 1.0000000]"
True,1,0.1000000,100,93.2804687,0.0257008,0.0428941,0.0635231,1.9444330,22.6747689,"[0.9997641, -0.0175187, -0.0128670, -0.0118034, 0.0165437, 0.9972405, -0.0724267, 0.0134828, 0.0140986, 0.0721970, 0.9972946, 0.0055639, 0.0000000, 0.0000000, 0.0000000, 1.0000000]"
True,1,0.1000000,100,85.9782188,0.0220777,0.0345488,0.0593343,1.9457526,21.0930338,"[0.9997489, 0.0059523, 0.0216041, -0.0079442, -0.0066049, 0.9995200, 0.0302734, -0.0023119, -0.0214136, -0.0304085, 0.9993084, -0.0006043, 0.0000000, 0.0000000, 0.0000000, 1.0000000]"
True,1,0.1000000,100,89.3661752,0.0280263,0.0446519,0.0616340,1.9469745,21.1245941,"[0.9999165, 0.0000373, 0.0129233, -0.0106219, -0.0001627, 0.9999530, 0.0096994, -0.0067608, -0.0129223, -0.0097007, 0.9998695, -0.0187841, 0.0000000, 0.0000000, 0.0000000, 1.0000000]"
True,5,0.1000000,100,86.0415678,0.0238851,0.0404365,0.0600239,1.9470959,22.7481879,"[0.9999391, -0.0015207, 0.0109313, 0.0030293, 0.0015354, 0.9999979, -0.0013406, -0.0023056, -0.0109292, 0.0013573, 0.9999394, -0.0109618, 0.0000000, 0.0000000, 0.0000000, 1.0000000]"
True,5,0.1000000,100,96.8942618,0.0142976,0.0227620,0.0668922,1.9482638,22.6540429,"[0.9998140, 0.0066278, 0.0181109, 0.0028132, -0.0069731, 0.9997938, 0.0190738, -0.0010054, -0.0179808, -0.0191965, 0.9996541, -0.0167826, 0.0000000, 0.0000000, 0.0000000, 1.0000000]"
True,5,0.1000000,100,82.0329251,0.0281069,0.0460310,0.0584426,1.9461439,21.2453174,"[0.9998701, -0.0138331, -0.0082880, -0.0141280, 0.0133380, 0.9982792, -0.0571289, 0.0064252, 0.0090633, 0.0570111, 0.9983339, 0.0212537, 0.0000000, 0.0000000, 0.0000000, 1.0000000]"
True,5,0.1000000,100,91.8720121,0.0202819,0.0336423,0.0638157,1.9481646,22.8211321,"[0.9999835, -0.0038536, 0.0042463, -0.0030055, 0.0039239, 0.9998534, -0.0166662, -0.0008222, -0.0041815, 0.0166826, 0.9998521, 0.0019866, 0.0000000, 0.0000000, 0.0000000, 1.0000000]"
True,5,0.1000000,100,87.7018740,0.0165242,0.0268740,0.0605469,1.9452782,21.3281982,"[0.9998377, -0.0000106, 0.0180157, -0.0003465, -0.0000369, 0.9999965, 0.0026346, -0.0042734, -0.0180157, -0.0026349, 0.9998342, 0.0044069, 0.0000000, 0.0000000, 0.0000000, 1.0000000]"
True,10,0.1000000,100,90.0757265,0.0187730,0.0281219,0.0620402,1.9470445,21.4506218,"[0.9997428, 0.0037404, 0.0223710, -0.0234372, -0.0041926, 0.9997870, 0.0202094, 0.0025518, -0.0222907, -0.0202980, 0.9995456, 0.0052632, 0.0000000, 0.0000000, 0.0000000, 1.0000000]"
True,10,0.1000000,100,79.1166699,0.0180268,0.0269610,0.0560688,1.9470311,19.1425075,"[0.9999234, 0.0045568, 0.0115089, 0.0112837, -0.0045650, 0.9999893, 0.0006872, -0.0048686, -0.0115057, -0.0007397, 0.9999335, -0.0037546, 0.0000000, 0.0000000, 0.0000000, 1.0000000]"
True,10,0.1000000,100,84.5309381,0.0271914,0.0446755,0.0601671,1.9462339,22.2536400,"[0.9998150, 0.0026481, 0.0190564, -0.0006168, -0.0032125, 0.9995551, 0.0296596, -0.0063720, -0.0189694, -0.0297153, 0.9993786, -0.0132138, 0.0000000, 0.0000000, 0.0000000, 1.0000000]"
True,10,0.1000000,100,93.1307342,0.0203530,0.0340703,0.0645607,1.9464561,21.4064324,"[0.9999801, -0.0022517, 0.0058922, -0.0030586, 0.0023873, 0.9997302, -0.0231050, 0.0036503, -0.0058386, 0.0231186, 0.9997157, -0.0060447, 0.0000000, 0.0000000, 0.0000000, 1.0000000]"
True,10,0.1000000,100,97.5358598,0.0197485,0.0328302,0.0672148,1.9487846,23.7336434,"[0.9999814, -0.0036965, 0.0048514, 0.0030764, 0.0038318, 0.9995949, -0.0282053, 0.0041424, -0.0047452, 0.0282233, 0.9995905, 0.0054503, 0.0000000, 0.0000000, 0.0000000, 1.0000000]"
True,15,0.1000000,100,80.9735208,0.0241709,0.0412831,0.0581592,1.9461786,20.0412520,"[0.9999107, 0.0042927, 0.0126550, -0.0121113, -0.0043732, 0.9999703, 0.0063399, -0.0035364, -0.0126274, -0.0063946, 0.9998998, -0.0054162, 0.0000000, 0.0000000, 0.0000000, 1.0000000]"
True,15,0.1000000,100,94.5078955,0.0172478,0.0295505,0.0653741,1.9474720,23.0929691,"[0.9999564, -0.0089670, -0.0026196, -0.0022851, 0.0088463, 0.9990380, -0.0429613, 0.0021344, 0.0030022, 0.0429363, 0.9990737, -0.0136628, 0.0000000, 0.0000000, 0.0000000, 1.0000000]"
True,15,0.1000000,100,90.4836533,0.0190166,0.0325692,0.0640763,1.9443623,24.6492698,"[0.9994805, 0.0066924, 0.0315390, -0.0115396, -0.0081359, 0.9989138, 0.0458995, 0.0014573, -0.0311978, -0.0461321, 0.9984493, 0.0010693, 0.0000000, 0.0000000, 0.0000000, 1.0000000]"
True,15,0.1000000,100,86.1590254,0.0114687,0.0188387,0.0610122,1.9464279,22.9135170,"[0.9999629, 0.0003987, 0.0086061, -0.0005297, -0.0003814, 0.9999979, -0.0020212, 0.0013633, -0.0086069, 0.0020179, 0.9999609, -0.0173227, 0.0000000, 0.0000000, 0.0000000, 1.0000000]"
True,15,0.1000000,100,73.3487427,0.0256278,0.0384717,0.0531098,1.9464643,21.4886297,"[0.9999785, 0.0003191, 0.0065556, -0.0202364, -0.0002923, 0.9999916, -0.0040873, 0.0056312, -0.0065569, 0.0040853, 0.9999701, -0.0036006, 0.0000000, 0.0000000, 0.0000000, 1.0000000]"
True,20,0.1000000,100,81.0112391,0.0260555,0.0423303,0.0585175,1.9480066,21.0572367,"[0.9999591, -0.0089176, 0.0015300, -0.0107218, 0.0089639, 0.9993989, -0.0334945, -0.0148208, -0.0012305, 0.0335068, 0.9994379, -0.0032683, 0.0000000, 0.0000000, 0.0000000, 1.0000000]"
True,20,0.1000000,100,83.0067861,0.0226186,0.0313202,0.0593586,1.9459586,22.0096320,"[0.9998953, -0.0095221, -0.0109117, -0.0001833, 0.0087436, 0.9975548, -0.0693829, 0.0088534, 0.0115449, 0.0692803, 0.9975335, 0.0029826, 0.0000000, 0.0000000, 0.0000000, 1.0000000]"
True,20,0.1000000,100,86.2928691,0.0248763,0.0395382,0.0611704,1.9474686,21.8106629,"[0.9996798, 0.0070725, 0.0243001, -0.0236704, -0.0076441, 0.9996943, 0.0235179, 0.0021899, -0.0241264, -0.0236960, 0.9994282, 0.0015400, 0.0000000, 0.0000000, 0.0000000, 1.0000000]"
True,20,0.1000000,100,78.1904802,0.0124001,0.0198001,0.0568151,1.9458271,20.7118959,"[0.9999748, -0.0027918, 0.0065297, -0.0217134, 0.0028325, 0.9999765, -0.0062362, 0.0015513, -0.0065121, 0.0062546, 0.9999592, -0.0100641, 0.0000000, 0.0000000, 0.0000000, 1.0000000]"
True,20,0.1000000,100,81.1282051,0.0250266,0.0366405,0.0582225,1.9485050,21.1291114,"[0.9998460, -0.0128052, -0.0120130, -0.0313430, 0.0118985, 0.9972768, -0.0728356, 0.0125240, 0.0129117, 0.0726817, 0.9972754, -0.0000633, 0.0000000, 0.0000000, 0.0000000, 1.0000000]"
True,25,0.1000000,100,76.8073928,0.0189427,0.0293575,0.0559493,1.9464240,20.7483035,"[0.9999154, 0.0026203, 0.0127459, -0.0060261, -0.0025786, 0.9999912, -0.0032937, 0.0028233, -0.0127544, 0.0032606, 0.9999133, -0.0054025, 0.0000000, 0.0000000, 0.0000000, 1.0000000]"
True,25,0.1000000,100,82.8139932,0.0281808,0.0480727,0.0600586,1.9469790,21.2015081,"[0.9996926, 0.0106479, 0.0224001, -0.0191661, -0.0114470, 0.9992911, 0.0358744, -0.0007396, -0.0220024, -0.0361197, 0.9991056, -0.0231031, 0.0000000, 0.0000000, 0.0000000, 1.0000000]"
True,25,0.1000000,100,84.8195407,0.0199584,0.0308828,0.0618797,1.9464589,23.7283883,"[0.9991251, 0.0143323, 0.0393269, -0.0127877, -0.0171193, 0.9972914, 0.0715971, 0.0019027, -0.0381962, -0.0722067, 0.9966638, -0.0036394, 0.0000000, 0.0000000, 0.0000000, 1.0000000]"
True,25,0.1000000,100,80.0484862,0.0138519,0.0220308,0.0583232,1.9461720,21.3716619,"[0.9998338, -0.0039000, 0.0178095, -0.0175108, 0.0039520, 0.9999880, -0.0028881, 0.0019750, -0.0177980, 0.0029580, 0.9998372, -0.0042868, 0.0000000, 0.0000000, 0.0000000, 1.0000000]"
True,25,0.1000000,100,86.0784063,0.0221924,0.0376732,0.0628943,1.9475027,23.8701816,"[0.9998535, 0.0055786, 0.0161853, -0.0091174, -0.0057657, 0.9999169, 0.0115345, 0.0188613, -0.0161196, -0.0116261, 0.9998025, -0.0095528, 0.0000000, 0.0000000, 0.0000000, 1.0000000]"
True,30,0.1000000,100,79.2042248,0.0142351,0.0239652,0.0582769,1.9480025,20.9627399,"[0.9996352, 0.0066069, 0.0261964, 0.0058193, -0.0076065, 0.9992391, 0.0382645, -0.0038535, -0.0259238, -0.0384497, 0.9989248, -0.0273406, 0.0000000, 0.0000000, 0.0000000, 1.0000000]"
True,30,0.1000000,100,81.3399510,0.0144724,0.0226797,0.0605971,1.9485104,21.7083047,"[0.9999821, -0.0029239, 0.0052346, -0.0067689, 0.0031105, 0.9993465, -0.0360183, 0.0044658, -0.0051259, 0.0360339, 0.9993376, -0.0030230, 0.0000000, 0.0000000, 0.0000000, 1.0000000]"
True,30,0.1000000,100,80.8095393,0.0261738,0.0356445,0.0591784,1.9478600,22.7954299,"[0.9999369, 0.0013334, 0.0111578, -0.0241140, -0.0013614, 0.9999959, 0.0025041, 0.0018240, -0.0111544, -0.0025192, 0.9999346, -0.0077300, 0.0000000, 0.0000000, 0.0000000, 1.0000000]"
True,30,0.1000000,100,79.7711020,0.0225429,0.0352697,0.0594452,1.9458764,22.5538633,"[0.9999968, -0.0024803, -0.0003909, -0.0061746, 0.0024691, 0.9996495, -0.0263623, 0.0024008, 0.0004561, 0.0263613, 0.9996524, -0.0072870, 0.0000000, 0.0000000, 0.0000000, 1.0000000]"
True,30,0.1000000,100,87.2454290,0.0155206,0.0254274,0.0643910,1.9472570,21.4771123,"[0.9998928, -0.0008050, 0.0146197, -0.0107886, 0.0008378, 0.9999971, -0.0022424, -0.0004825, -0.0146179, 0.0022544, 0.9998906, -0.0071700, 0.0000000, 0.0000000, 0.0000000, 1.0000000]"
True,35,0.1000000,100,86.1891041,0.0286968,0.0444814,0.0642382,1.9484464,21.6628813,"[0.9999278, -0.0019867, 0.0118491, -0.0088886, 0.0018490, 0.9999307, 0.0116236, -0.0160368, -0.0118714, -0.0116009, 0.9998623, -0.0139029, 0.0000000, 0.0000000, 0.0000000, 1.0000000]"
True,35,0.1000000,100,80.5434501,0.0173144,0.0283160,0.0610351,1.9468296,23.4378831,"[0.9999800, 0.0003216, 0.0063251, -0.0185169, -0.0001839, 0.9997632, -0.0217635, 0.0055833, -0.0063306, 0.0217619, 0.9997432, -0.0067485, 0.0000000, 0.0000000, 0.0000000, 1.0000000]"
True,35,0.1000000,100,84.9078679,0.0232306,0.0364369,0.0632247,1.9467367,21.9733081,"[0.9999754, -0.0013952, 0.0068721, -0.0006923, 0.0015310, 0.9998027, -0.0198063, 0.0031640, -0.0068431, 0.0198163, 0.9997802, -0.0031069, 0.0000000, 0.0000000, 0.0000000, 1.0000000]"
True,35,0.1000000,100,77.3742476,0.0159870,0.0262470,0.0573272,1.9483424,22.0444482,"[0.9999706, -0.0057456, 0.0050896, -0.0187145, 0.0058596, 0.9997255, -0.0226847, 0.0084956, -0.0049579, 0.0227138, 0.9997298, -0.0135714, 0.0000000, 0.0000000, 0.0000000, 1.0000000]"
True,35,0.1000000,100,74.9988170,0.0206909,0.0345641,0.0567847,1.9475226,22.6738666,"[0.9999614, -0.0086859, 0.0013690, -0.0016149, 0.0087319, 0.9992291, -0.0382817, 0.0037805, -0.0010356, 0.0382922, 0.9992663, 0.0004103, 0.0000000, 0.0000000, 0.0000000, 1.0000000]"
True,40,0.1000000,100,80.7270510,0.0145183,0.0245933,0.0614006,1.9474546,24.7369672,"[0.9999648, -0.0081633, 0.0019123, -0.0076234, 0.0082246, 0.9993675, -0.0346038, 0.0072785, -0.0016287, 0.0346183, 0.9993995, -0.0069412, 0.0000000, 0.0000000, 0.0000000, 1.0000000]"
True,40,0.1000000,100,83.4988179,0.0215548,0.0309364,0.0639676,1.9457178,23.6466926,"[0.9999555, -0.0001747, 0.0094330, 0.0091071, 0.0002516, 0.9999667, -0.0081487, -0.0026698, -0.0094313, 0.0081507, 0.9999223, -0.0027171, 0.0000000, 0.0000000, 0.0000000, 1.0000000]"
True,40,0.1000000,100,84.3700011,0.0272213,0.0413822,0.0635582,1.9471204,22.0436945,"[0.9999499, 0.0011875, 0.0099417, -0.0343781, -0.0011751, 0.9999985, -0.0012439, 0.0027338, -0.0099431, 0.0012321, 0.9999498, -0.0103325, 0.0000000, 0.0000000, 0.0000000, 1.0000000]"
True,40,0.1000000,100,74.9164047,0.0231166,0.0371655,0.0583535,1.9470618,21.3422622,"[0.9999272, 0.0001219, 0.0120633, -0.0049496, -0.0000286, 0.9999701, -0.0077380, -0.0008461, -0.0120639, 0.0077371, 0.9998973, -0.0006388, 0.0000000, 0.0000000, 0.0000000, 1.0000000]"
True,40,0.1000000,100,76.9605656,0.0307008,0.0529872,0.0595964,1.9476513,21.3250813,"[0.9998376, -0.0010102, 0.0179961, -0.0288455, 0.0008350, 0.9999522, 0.0097406, 0.0031952, -0.0180051, -0.0097240, 0.9997906, -0.0050328, 0.0000000, 0.0000000, 0.0000000, 1.0000000]"
True,45,0.1000000,100,85.7914093,0.0264757,0.0439424,0.0657558,1.9491800,21.2732226,"[0.9998638, 0.0056846, 0.0154944, 0.0134144, -0.0058157, 0.9999475, 0.0084324, -0.0000022, -0.0154456, -0.0085214, 0.9998444, 0.0090418, 0.0000000, 0.0000000, 0.0000000, 1.0000000]"
True,45,0.1000000,100,74.0335455,0.0186155,0.0313976,0.0581563,1.9493053,23.5770763,"[0.9999561, 0.0008443, 0.0093302, 0.0078768, -0.0006995, 0.9998794, -0.0155147, -0.0001100, -0.0093421, 0.0155075, 0.9998361, -0.0044681, 0.0000000, 0.0000000, 0.0000000, 1.0000000]"
True,45,0.1000000,100,77.3571999,0.0202194,0.0328374,0.0598936,1.9476867,23.7425164,"[0.9999111, 0.0034928, 0.0128700, -0.0037611, -0.0035354, 0.9999883, 0.0032909, -0.0025476, -0.0128583, -0.0033361, 0.9999118, -0.0171895, 0.0000000, 0.0000000, 0.0000000, 1.0000000]"
True,45,0.1000000,100,78.8049006,0.0208846,0.0358709,0.0610089,1.9484349,22.7854930,"[0.9998624, -0.0135012, -0.0096602, -0.0219609, 0.0128088, 0.9975685, -0.0685500, 0.0076381, 0.0105611, 0.0684169, 0.9976039, 0.0025314, 0.0000000, 0.0000000, 0.0000000, 1.0000000]"
True,45,0.1000000,100,75.3777375,0.0233568,0.0387943,0.0594940,1.9468532,23.5992619,"[0.9999564, -0.0043922, 0.0082366, -0.0163871, 0.0045762, 0.9997373, -0.0224593, -0.0007801, -0.0081358, 0.0224960, 0.9997139, 0.0058395, 0.0000000, 0.0000000, 0.0000000, 1.0000000]"
True,50,0.1000000,100,78.5082452,0.0213486,0.0342239,0.0612932,1.9472064,20.8637395,"[0.9999034, -0.0063432, 0.0123681, -0.0302157, 0.0064818, 0.9999163, -0.0111958, -0.0104315, -0.0122960, 0.0112748, 0.9998608, -0.0034400, 0.0000000, 0.0000000, 0.0000000, 1.0000000]"
True,50,0.1000000,100,75.9594131,0.0183961,0.0299634,0.0594282,1.9461048,23.3588789,"[0.9999791, -0.0000513, 0.0064630, 0.0069412, 0.0001364, 0.9999132, -0.0131749, 0.0017387, -0.0064618, 0.0131755, 0.9998924, -0.0225204, 0.0000000, 0.0000000, 0.0000000, 1.0000000]"
True,50,0.1000000,100,76.0169146,0.0189134,0.0316298,0.0591305,1.9442822,22.7447764,"[0.9999657, -0.0048215, 0.0067393, 0.0081957, 0.0049687, 0.9997455, -0.0220058, 0.0009139, -0.0066315, 0.0220385, 0.9997352, 0.0057089, 0.0000000, 0.0000000, 0.0000000, 1.0000000]"
True,50,0.1000000,100,84.7742188,0.0220042,0.0348462,0.0652199,1.9465393,21.1835971,"[0.9999928, -0.0036714, 0.0009676, -0.0099470, 0.0037025, 0.9994048, -0.0343019, 0.0047266, -0.0008411, 0.0343053, 0.9994112, -0.0017374, 0.0000000, 0.0000000, 0.0000000, 1.0000000]"
True,50,0.1000000,100,77.9764545,0.0171576,0.0270690,0.0611534,1.9459716,19.7485962,"[0.9999805, -0.0035029, 0.0051666, -0.0234062, 0.0036326, 0.9996727, -0.0253262, 0.0221889, -0.0050762, 0.0253444, 0.9996660, -0.0068025, 0.0000000, 0.0000000, 0.0000000, 1.0000000]"
True,55,0.1000000,100,74.3958063,0.0294669,0.0484229,0.0593050,1.9473103,19.7595205,"[0.9999801, 0.0040240, 0.0048596, 0.0132621, -0.0039695, 0.9999298, -0.0111610, -0.0017835, -0.0049042, 0.0111415, 0.9999259, 0.0005386, 0.0000000, 0.0000000, 0.0000000, 1.0000000]"
True,55,0.1000000,100,78.9235306,0.0210671,0.0356576,0.0618221,1.9446832,21.0605496,"[0.9999905, -0.0011250, 0.0042010, -0.0032955, 0.0012468, 0.9995761, -0.0290909, 0.0031388, -0.0041665, 0.0290959, 0.9995680, -0.0056134, 0.0000000, 0.0000000, 0.0000000, 1.0000000]"
True,55,0.1000000,100,76.6627102,0.0230482,0.0391198,0.0612650,1.9480839,20.3755736,"[0.9999720, -0.0053903, 0.0051801, 0.0008045, 0.0055230, 0.9996480, -0.0259514, 0.0008948, -0.0050384, 0.0259792, 0.9996498, 0.0020706, 0.0000000, 0.0000000, 0.0000000, 1.0000000]"
True,55,0.1000000,100,77.4869223,0.0173722,0.0287649,0.0615520,1.9474428,22.4451866,"[0.9999592, -0.0058653, 0.0068638, -0.0004198, 0.0059847, 0.9998289, -0.0175014, 0.0007937, -0.0067600, 0.0175418, 0.9998233, -0.0118308, 0.0000000, 0.0000000, 0.0000000, 1.0000000]"
True,55,0.1000000,100,72.5359623,0.0252070,0.0421069,0.0581129,1.9470487,22.7377516,"[0.9997065, 0.0018783, 0.0241595, -0.0164959, -0.0027050, 0.9994100, 0.0342458, -0.0066236, -0.0240810, -0.0343011, 0.9991218, -0.0018803, 0.0000000, 0.0000000, 0.0000000, 1.0000000]"
True,60,0.1000000,100,72.3908701,0.0208606,0.0304146,0.0592341,1.9448742,22.9866252,"[0.9999070, -0.0005297, 0.0136258, -0.0099835, 0.0006626, 0.9999522, -0.0097555, 0.0011679, -0.0136200, 0.0097636, 0.9998596, -0.0001640, 0.0000000, 0.0000000, 0.0000000, 1.0000000]"
True,60,0.1000000,100,88.4487965,0.0133521,0.0219327,0.0686160,1.9466096,22.8292972,"[0.9997974, 0.0042415, 0.0196785, -0.0144336, -0.0045554, 0.9998626, 0.0159398, -0.0070680, -0.0196082, -0.0160262, 0.9996793, -0.0049513, 0.0000000, 0.0000000, 0.0000000, 1.0000000]"
True,60,0.1000000,100,73.0151732,0.0275524,0.0468640,0.0595241,1.9463570,21.2510710,"[0.9999574, -0.0092294, -0.0003411, 0.0004438, 0.0092072, 0.9990940, -0.0415590, 0.0072743, 0.0007241, 0.0415541, 0.9991364, -0.0057824, 0.0000000, 0.0000000, 0.0000000, 1.0000000]"
True,60,0.1000000,100,77.1467202,0.0273530,0.0381642,0.0620796,1.9486974,22.6982200,"[0.9999108, -0.0110954, -0.0074524, -0.0104058, 0.0105666, 0.9976543, -0.0676747, 0.0061648, 0.0081850, 0.0675901, 0.9976823, -0.0003118, 0.0000000, 0.0000000, 0.0000000, 1.0000000]"
True,60,0.1000000,100,80.6165457,0.0238615,0.0382839,0.0643615,1.9461329,22.5362875,"[0.9999925, -0.0034344, -0.0017857, -0.0156759, 0.0033846, 0.9996248, -0.0271832, 0.0027014, 0.0018784, 0.0271769, 0.9996290, -0.0058864, 0.0000000, 0.0000000, 0.0000000, 1.0000000]"
True,65,0.1000000,100,70.6094480,0.0298496,0.0438154,0.0582932,1.9474121,23.2103871,"[0.9999369, 0.0002888, 0.0112345, 0.0011148, -0.0001762, 0.9999498, -0.0100205, -0.0005449, -0.0112369, 0.0100179, 0.9998867, -0.0021454, 0.0000000, 0.0000000, 0.0000000, 1.0000000]"
True,65,0.1000000,100,73.1790016,0.0166034,0.0272682,0.0598999,1.9474818,23.6781789,"[0.9999208, 0.0015228, 0.0124885, -0.0085854, -0.0013664, 0.9999207, -0.0125207, 0.0036703, -0.0125065, 0.0125026, 0.9998437, -0.0053603, 0.0000000, 0.0000000, 0.0000000, 1.0000000]"
True,65,0.1000000,100,75.3401530,0.0148235,0.0244891,0.0606391,1.9471332,21.3746434,"[0.9999787, -0.0064817, 0.0007881, 0.0062547, 0.0064999, 0.9996453, -0.0258303, 0.0089831, -0.0006204, 0.0258349, 0.9996661, -0.0159418, 0.0000000, 0.0000000, 0.0000000, 1.0000000]"
True,65,0.1000000,100,73.7250724,0.0250491,0.0418377,0.0599308,1.9480560,21.3095062,"[0.9998934, 0.0011313, 0.0145550, -0.0405157, -0.0008801, 0.9998507, -0.0172555, 0.0058454, -0.0145723, 0.0172408, 0.9997452, 0.0003057, 0.0000000, 0.0000000, 0.0000000, 1.0000000]"
True,65,0.1000000,100,67.4487391,0.0278102,0.0451575,0.0567790,1.9470156,21.5792701,"[0.9998851, 0.0052771, 0.0142117, -0.0349090, -0.0053058, 0.9999840, 0.0019838, 0.0197587, -0.0142010, -0.0020590, 0.9998971, -0.0053058, 0.0000000, 0.0000000, 0.0000000, 1.0000000]"
True,70,0.1000000,100,76.5882366,0.0188979,0.0312491,0.0633108,1.9459044,22.8662506,"[0.9999587, -0.0009278, 0.0090392, -0.0445616, 0.0010431, 0.9999180, -0.0127625, 0.0032091, -0.0090266, 0.0127714, 0.9998777, -0.0098534, 0.0000000, 0.0000000, 0.0000000, 1.0000000]"
True,70,0.1000000,100,68.3789456,0.0202009,0.0330282,0.0582719,1.9475058,22.2066843,"[0.9999682, -0.0030012, 0.0073905, -0.0084821, 0.0030790, 0.9999397, -0.0105368, 0.0019033, -0.0073585, 0.0105592, 0.9999171, -0.0027082, 0.0000000, 0.0000000, 0.0000000, 1.0000000]"
True,70,0.1000000,100,69.0949242,0.0260148,0.0404665,0.0584312,1.9466683,23.8800573,"[0.9999084, -0.0002610, 0.0135301, 0.0230179, 0.0003380, 0.9999837, -0.0056909, -0.0037724, -0.0135284, 0.0056949, 0.9998923, -0.0010554, 0.0000000, 0.0000000, 0.0000000, 1.0000000]"
True,70,0.1000000,100,81.8480952,0.0246405,0.0401453,0.0670318,1.9472973,22.5340319,"[0.9999433, 0.0006427, 0.0106278, -0.0233175, -0.0006303, 0.9999991, -0.0011672, 0.0001155, -0.0106286, 0.0011604, 0.9999428, -0.0046586, 0.0000000, 0.0000000, 0.0000000, 1.0000000]"
True,70,0.1000000,100,72.6858921,0.0160033,0.0246538,0.0607312,1.9472270,21.4165640,"[0.9997506, 0.0015821, 0.0222785, -0.0063848, -0.0018689, 0.9999156, 0.0128601, -0.0006229, -0.0222563, -0.0128986, 0.9996691, -0.0121279, 0.0000000, 0.0000000, 0.0000000, 1.0000000]"
True,75,0.1000000,100,74.2906241,0.0135482,0.0224929,0.0629114,1.9459460,22.4371427,"[0.9999417, -0.0034514, 0.0102297, -0.0103874, 0.0035310, 0.9999635, -0.0077785, 0.0053293, -0.0102025, 0.0078142, 0.9999174, -0.0084492, 0.0000000, 0.0000000, 0.0000000, 1.0000000]"
True,75,0.1000000,100,74.9019473,0.0148573,0.0244660,0.0633502,1.9473581,21.8319661,"[0.9999442, -0.0044513, 0.0095770, -0.0229573, 0.0045662, 0.9999174, -0.0120131, 0.0041398, -0.0095228, 0.0120562, 0.9998820, -0.0032854, 0.0000000, 0.0000000, 0.0000000, 1.0000000]"
True,75,0.1000000,100,76.9561503,0.0180917,0.0275665,0.0631883,1.9448538,21.9340700,"[0.9999699, -0.0061120, 0.0047847, -0.0092619, 0.0061917, 0.9998389, -0.0168460, 0.0025376, -0.0046809, 0.0168751, 0.9998466, -0.0095377, 0.0000000, 0.0000000, 0.0000000, 1.0000000]"
True,75,0.1000000,100,84.4996910,0.0283654,0.0441517,0.0681658,1.9444146,21.3958658,"[0.9999238, -0.0004395, 0.0123386, -0.0097892, 0.0005291, 0.9999735, -0.0072595, 0.0184689, -0.0123351, 0.0072655, 0.9998975, 0.0017653, 0.0000000, 0.0000000, 0.0000000, 1.0000000]"
True,75,0.1000000,100,71.6397977,0.0250251,0.0374717,0.0611829,1.9465921,22.5164747,"[0.9999455, -0.0062247, 0.0083790, -0.0196368, 0.0063946, 0.9997712, -0.0204142, 0.0140379, -0.0082500, 0.0204667, 0.9997565, -0.0080387, 0.0000000, 0.0000000, 0.0000000, 1.0000000]"
True,80,0.1000000,100,68.1501598,0.0228214,0.0348777,0.0600565,1.9471009,22.2706407,"[0.9999449, 0.0001024, 0.0105024, -0.0146025, 0.0000385, 0.9999101, -0.0134131, 0.0182536, -0.0105028, 0.0134128, 0.9998549, -0.0054599, 0.0000000, 0.0000000, 0.0000000, 1.0000000]"
True,80,0.1000000,100,74.8484745,0.0247474,0.0367811,0.0638500,1.9479347,20.6509180,"[0.9997796, -0.0095387, 0.0187020, -0.0022588, 0.0097579, 0.9998844, -0.0116659, -0.0131705, -0.0185886, 0.0118458, 0.9997571, -0.0127420, 0.0000000, 0.0000000, 0.0000000, 1.0000000]"
True,80,0.1000000,100,75.6881669,0.0148872,0.0237277,0.0643183,1.9462785,21.8604288,"[0.9998760, -0.0001639, 0.0157470, -0.0369818, -0.0000949, 0.9998649, 0.0164391, 0.0154188, -0.0157476, -0.0164386, 0.9997409, -0.0143504, 0.0000000, 0.0000000, 0.0000000, 1.0000000]"
True,80,0.1000000,100,71.1802301,0.0131065,0.0216273,0.0609446,1.9471433,22.5623668,"[0.9999873, -0.0031430, 0.0039452, 0.0078918, 0.0032098, 0.9998498, -0.0170329, -0.0004651, -0.0038910, 0.0170454, 0.9998472, -0.0038160, 0.0000000, 0.0000000, 0.0000000, 1.0000000]"
True,80,0.1000000,100,70.2528412,0.0226862,0.0371058,0.0598295,1.9464531,21.2103906,"[0.9998623, 0.0076530, 0.0147282, -0.0254722, -0.0078395, 0.9998893, 0.0126489, 0.0039412, -0.0146298, -0.0127626, 0.9998115, -0.0067880, 0.0000000, 0.0000000, 0.0000000, 1.0000000]"
True,85,0.1000000,100,69.2447028,0.0183647,0.0281286,0.0604429,1.9467143,21.5180147,"[0.9999036, -0.0057371, 0.0126483, -0.0354733, 0.0056800, 0.9999735, 0.0045488, 0.0099317, -0.0126741, -0.0044765, 0.9999096, -0.0114306, 0.0000000, 0.0000000, 0.0000000, 1.0000000]"
True,85,0.1000000,100,60.8000004,0.0219591,0.0365096,0.0541144,1.9483734,22.2008614,"[0.9999127, -0.0010535, 0.0131693, -0.0321124, 0.0011881, 0.9999471, -0.0102214, 0.0040599, -0.0131579, 0.0102362, 0.9998611, -0.0114618, 0.0000000, 0.0000000, 0.0000000, 1.0000000]"
True,85,0.1000000,100,72.5834727,0.0296418,0.0439177,0.0630136,1.9478693,22.2105323,"[0.9999772, -0.0001176, 0.0067442, -0.0085137, 0.0001409, 0.9999940, -0.0034660, 0.0042609, -0.0067437, 0.0034668, 0.9999713, -0.0051813, 0.0000000, 0.0000000, 0.0000000, 1.0000000]"
True,85,0.1000000,100,83.7284214,0.0205307,0.0316619,0.0702962,1.9460310,23.6525725,"[0.9997659, 0.0014608, 0.0215890, -0.0275708, -0.0014571, 0.9999989, -0.0001847, 0.0018839, -0.0215893, 0.0001532, 0.9997669, -0.0115910, 0.0000000, 0.0000000, 0.0000000, 1.0000000]"
True,85,0.1000000,100,74.3678317,0.0251436,0.0414416,0.0643316,1.9470770,21.9834766,"[0.9999215, 0.0035286, 0.0120222, -0.0148460, -0.0035177, 0.9999934, -0.0009258, 0.0166087, -0.0120254, 0.0008834, 0.9999273, -0.0026125, 0.0000000, 0.0000000, 0.0000000, 1.0000000]"
True,90,0.1000000,100,75.5371063,0.0236809,0.0380071,0.0658627,1.9477031,19.7788482,"[0.9999450, 0.0027374, 0.0101230, 0.0012084, -0.0026400, 0.9999502, -0.0096218, -0.0028505, -0.0101489, 0.0095945, 0.9999025, -0.0053859, 0.0000000, 0.0000000, 0.0000000, 1.0000000]"
True,90,0.1000000,100,76.4402142,0.0166343,0.0268672,0.0663839,1.9442230,21.9062133,"[0.9999678, -0.0022558, 0.0077043, -0.0142232, 0.0023099, 0.9999728, -0.0070128, 0.0073705, -0.0076883, 0.0070304, 0.9999458, -0.0054853, 0.0000000, 0.0000000, 0.0000000, 1.0000000]"
True,90,0.1000000,100,73.2317166,0.0176472,0.0286995,0.0643325,1.9463118,24.0442076,"[0.9999303, -0.0001702, 0.0118063, -0.0294461, 0.0002062, 0.9999953, -0.0030549, 0.0072116, -0.0118057, 0.0030572, 0.9999256, -0.0107460, 0.0000000, 0.0000000, 0.0000000, 1.0000000]"
True,90,0.1000000,100,66.8436670,0.0146470,0.0236904,0.0595154,1.9457886,21.3514631,"[0.9999536, 0.0006966, 0.0096030, -0.0189270, -0.0006442, 0.9999849, -0.0054638, 0.0195458, -0.0096067, 0.0054573, 0.9999390, -0.0051769, 0.0000000, 0.0000000, 0.0000000, 1.0000000]"
True,90,0.1000000,100,71.3633213,0.0214820,0.0352174,0.0629752,1.9464924,23.1392016,"[0.9999744, -0.0031775, 0.0064117, -0.0470095, 0.0032145, 0.9999781, -0.0057782, 0.0099105, -0.0063932, 0.0057986, 0.9999627, -0.0068620, 0.0000000, 0.0000000, 0.0000000, 1.0000000]"
True,95,0.1000000,100,69.7311158,0.0203315,0.0345887,0.0613520,1.9457657,22.6299183,"[0.9999606, -0.0028684, 0.0084009, -0.0263642, 0.0029903, 0.9998900, -0.0145260, -0.0113795, -0.0083583, 0.0145505, 0.9998592, -0.0073237, 0.0000000, 0.0000000, 0.0000000, 1.0000000]"
True,95,0.1000000,100,71.2392614,0.0202232,0.0344523,0.0636008,1.9458030,20.9297523,"[0.9999243, -0.0084606, 0.0089341, 0.0124431, 0.0085882, 0.9998603, -0.0143385, -0.0183214, -0.0088115, 0.0144141, 0.9998573, -0.0034701, 0.0000000, 0.0000000, 0.0000000, 1.0000000]"
True,95,0.1000000,100,66.7571857,0.0156337,0.0263366,0.0604686,1.9465493,20.2728431,"[0.9999779, 0.0021045, 0.0063058, -0.0184712, -0.0019844, 0.9998177, -0.0189899, -0.0002772, -0.0063446, 0.0189769, 0.9997998, -0.0048144, 0.0000000, 0.0000000, 0.0000000, 1.0000000]"
True,95,0.1000000,100,75.7429066,0.0232561,0.0384884,0.0659298,1.9452971,24.3278590,"[0.9999242, -0.0053946, 0.0110669, -0.0062068, 0.0055722, 0.9998550, -0.0160901, 0.0045398, -0.0109785, 0.0161506, 0.9998093, -0.0007572, 0.0000000, 0.0000000, 0.0000000, 1.0000000]"
True,95,0.1000000,100,76.9467456,0.0199991,0.0339603,0.0676809,1.9470924,24.0900953,"[0.9999064, 0.0041751, 0.0130324, 0.0035182, -0.0044387, 0.9997848, 0.0202665, -0.0004841, -0.0129449, -0.0203224, 0.9997097, -0.0073525, 0.0000000, 0.0000000, 0.0000000, 1.0000000]"
