USE_Twb,MIN_GPS_MEASUREMENTS_FOR_ALIGNMENT,gps_noise_std,MAX_GPS_MEASUREMENTS,Tiempo total de ejecución,RMSE posición,ATE,RMSE velocidad,RMSE rotación,Distancia recorrida,Transformación rígida (flattened)
False,1,0.1000000,100,72.8693898,0.0262679,0.0448010,0.0393695,1.9166033,21.8416035,"[1.0000000, 0.0000000, 0.0000000, 0.0000000, 0.0000000, 1.0000000, 0.0000000, 0.0000000, 0.0000000, 0.0000000, 1.0000000, 0.0000000, 0.0000000, 0.0000000, 0.0000000, 1.0000000]"
False,1,0.1000000,100,61.1785717,0.0291819,0.0440619,0.0373495,1.9183501,22.8605511,"[1.0000000, 0.0000000, 0.0000000, 0.0000000, 0.0000000, 1.0000000, 0.0000000, 0.0000000, 0.0000000, 0.0000000, 1.0000000, 0.0000000, 0.0000000, 0.0000000, 0.0000000, 1.0000000]"
False,1,0.1000000,100,65.9358320,0.0218081,0.0353582,0.0377308,1.9173543,21.4309334,"[1.0000000, 0.0000000, 0.0000000, 0.0000000, 0.0000000, 1.0000000, 0.0000000, 0.0000000, 0.0000000, 0.0000000, 1.0000000, 0.0000000, 0.0000000, 0.0000000, 0.0000000, 1.0000000]"
False,1,0.1000000,100,65.6992719,0.0264135,0.0429142,0.0387394,1.9180219,22.8882681,"[1.0000000, 0.0000000, 0.0000000, 0.0000000, 0.0000000, 1.0000000, 0.0000000, 0.0000000, 0.0000000, 0.0000000, 1.0000000, 0.0000000, 0.0000000, 0.0000000, 0.0000000, 1.0000000]"
False,1,0.1000000,100,57.6568847,0.0200617,0.0317708,0.0370624,1.9181684,22.5488001,"[1.0000000, 0.0000000, 0.0000000, 0.0000000, 0.0000000, 1.0000000, 0.0000000, 0.0000000, 0.0000000, 0.0000000, 1.0000000, 0.0000000, 0.0000000, 0.0000000, 0.0000000, 1.0000000]"
True,1,0.1000000,100,60.8186924,0.0198166,0.0299703,0.0340898,1.9191400,22.9316712,"[0.9998999, -0.0011630, 0.0140998, -0.0127396, 0.0009611, 0.9998970, 0.0143202, -0.0027876, -0.0141150, -0.0143052, 0.9997981, -0.0044916, 0.0000000, 0.0000000, 0.0000000, 1.0000000]"
True,1,0.1000000,100,74.2898993,0.0170846,0.0256062,0.0358814,1.9172683,22.9931970,"[0.9999714, -0.0075682, -0.0000228, -0.0101364, 0.0075642, 0.9995365, -0.0294915, 0.0024904, 0.0002460, 0.0294905, 0.9995651, 0.0059119, 0.0000000, 0.0000000, 0.0000000, 1.0000000]"
True,1,0.1000000,100,71.9983718,0.0170530,0.0267137,0.0358792,1.9196421,24.4383720,"[0.9999200, 0.0022559, 0.0124486, -0.0011272, -0.0023544, 0.9999660, 0.0079054, 0.0017777, -0.0124303, -0.0079341, 0.9998913, -0.0005919, 0.0000000, 0.0000000, 0.0000000, 1.0000000]"
True,1,0.1000000,100,70.9322665,0.0199719,0.0338775,0.0351654,1.9182622,22.2376036,"[0.9999699, 0.0031059, 0.0071071, -0.0063378, -0.0030651, 0.9999788, -0.0057441, -0.0005415, -0.0071248, 0.0057222, 0.9999583, -0.0007769, 0.0000000, 0.0000000, 0.0000000, 1.0000000]"
True,1,0.1000000,100,76.9580863,0.0155753,0.0264766,0.0375884,1.9191467,23.4558427,"[0.9997993, 0.0064324, 0.0189737, -0.0174611, -0.0068082, 0.9997805, 0.0198140, -0.0058609, -0.0188421, -0.0199391, 0.9996237, -0.0057676, 0.0000000, 0.0000000, 0.0000000, 1.0000000]"
True,5,0.1000000,100,77.7250509,0.0236396,0.0395501,0.0370853,1.9166369,22.9040943,"[0.9999527, 0.0014319, 0.0096146, -0.0102355, -0.0014538, 0.9999964, 0.0022755, -0.0008974, -0.0096113, -0.0022894, 0.9999512, 0.0080138, 0.0000000, 0.0000000, 0.0000000, 1.0000000]"
True,5,0.1000000,100,77.9314821,0.0200468,0.0324282,0.0365472,1.9164876,23.8480700,"[0.9999055, -0.0120149, -0.0066970, 0.0021586, 0.0117237, 0.9990507, -0.0419668, -0.0224808, 0.0071946, 0.0418844, 0.9990970, 0.0062924, 0.0000000, 0.0000000, 0.0000000, 1.0000000]"
True,5,0.1000000,100,73.0632727,0.0189789,0.0308893,0.0356433,1.9180839,22.3540277,"[0.9999859, -0.0042520, 0.0031848, 0.0177069, 0.0042926, 0.9999081, -0.0128628, -0.0030168, -0.0031298, 0.0128763, 0.9999122, 0.0046377, 0.0000000, 0.0000000, 0.0000000, 1.0000000]"
True,5,0.1000000,100,85.0615025,0.0225150,0.0368867,0.0384119,1.9171716,23.1364531,"[0.9996005, -0.0178063, -0.0219895, -0.0223183, 0.0157953, 0.9959459, -0.0886552, 0.0103663, 0.0234758, 0.0882733, 0.9958286, 0.0222132, 0.0000000, 0.0000000, 0.0000000, 1.0000000]"
True,5,0.1000000,100,55.8983390,0.0207512,0.0350682,0.0323710,1.9150749,20.8635159,"[0.9999840, 0.0021613, 0.0052232, 0.0000178, -0.0021519, 0.9999961, -0.0017986, -0.0003929, -0.0052271, 0.0017873, 0.9999847, -0.0003419, 0.0000000, 0.0000000, 0.0000000, 1.0000000]"
True,10,0.1000000,100,73.8724682,0.0100763,0.0152457,0.0360965,1.9195751,22.3771338,"[0.9999596, 0.0005312, 0.0089737, 0.0056074, -0.0004899, 0.9999893, -0.0046049, 0.0011935, -0.0089760, 0.0046003, 0.9999492, 0.0068420, 0.0000000, 0.0000000, 0.0000000, 1.0000000]"
True,10,0.1000000,100,61.6107759,0.0188655,0.0320469,0.0343763,1.9181159,21.4446271,"[0.9999999, -0.0002396, 0.0001576, -0.0191085, 0.0002418, 0.9999067, -0.0136559, -0.0005456, -0.0001543, 0.0136559, 0.9999067, -0.0060064, 0.0000000, 0.0000000, 0.0000000, 1.0000000]"
True,10,0.1000000,100,70.2653103,0.0146100,0.0235508,0.0364598,1.9174086,20.8365223,"[0.9999531, 0.0032076, 0.0091409, -0.0016482, -0.0033019, 0.9999413, 0.0103160, 0.0001015, -0.0091072, -0.0103457, 0.9999050, -0.0121887, 0.0000000, 0.0000000, 0.0000000, 1.0000000]"
True,10,0.1000000,100,70.0216262,0.0208036,0.0326029,0.0358466,1.9145961,20.1382006,"[0.9999630, -0.0011519, 0.0085231, -0.0163560, 0.0011336, 0.9999970, 0.0021602, -0.0098099, -0.0085255, -0.0021505, 0.9999613, -0.0035701, 0.0000000, 0.0000000, 0.0000000, 1.0000000]"
True,10,0.1000000,100,67.0217407,0.0224839,0.0385706,0.0347605,1.9182359,21.4887868,"[0.9999817, -0.0053602, -0.0028056, -0.0188411, 0.0052935, 0.9997152, -0.0232718, 0.0050246, 0.0029296, 0.0232565, 0.9997253, -0.0018950, 0.0000000, 0.0000000, 0.0000000, 1.0000000]"
True,15,0.1000000,100,73.1675444,0.0164878,0.0280616,0.0363047,1.9177972,22.9236079,"[0.9999832, -0.0055754, 0.0015902, -0.0001511, 0.0056087, 0.9997475, -0.0217616, -0.0201069, -0.0014685, 0.0217701, 0.9997619, 0.0022446, 0.0000000, 0.0000000, 0.0000000, 1.0000000]"
True,15,0.1000000,100,64.3434641,0.0237931,0.0383738,0.0350264,1.9164078,20.9709632,"[0.9999915, -0.0028524, 0.0029643, -0.0039842, 0.0029068, 0.9998239, -0.0185383, 0.0059892, -0.0029109, 0.0185467, 0.9998237, -0.0036783, 0.0000000, 0.0000000, 0.0000000, 1.0000000]"
True,15,0.1000000,100,59.7333057,0.0205795,0.0354730,0.0331091,1.9169478,20.5222931,"[0.9999904, 0.0020980, 0.0038535, 0.0030371, -0.0020796, 0.9999864, -0.0047851, -0.0026594, -0.0038635, 0.0047770, 0.9999811, -0.0064684, 0.0000000, 0.0000000, 0.0000000, 1.0000000]"
True,15,0.1000000,100,59.3469241,0.0227830,0.0365273,0.0325170,1.9159456,20.0348948,"[0.9999943, -0.0009501, -0.0032249, 0.0146690, 0.0008839, 0.9997897, -0.0204907, 0.0022350, 0.0032437, 0.0204877, 0.9997849, -0.0006678, 0.0000000, 0.0000000, 0.0000000, 1.0000000]"
True,15,0.1000000,100,90.5128286,0.0111772,0.0168536,0.0390476,1.9211779,24.2292235,"[0.9998301, 0.0034109, 0.0181148, -0.0020335, -0.0039135, 0.9996062, 0.0277905, -0.0017923, -0.0180129, -0.0278567, 0.9994498, -0.0156188, 0.0000000, 0.0000000, 0.0000000, 1.0000000]"
True,20,0.1000000,100,68.0822370,0.0207371,0.0338371,0.0349979,1.9169217,22.2221126,"[0.9999683, 0.0007534, 0.0079291, 0.0124992, -0.0007904, 0.9999889, 0.0046594, 0.0008534, -0.0079255, -0.0046655, 0.9999577, -0.0097102, 0.0000000, 0.0000000, 0.0000000, 1.0000000]"
True,20,0.1000000,100,71.1421649,0.0210540,0.0341805,0.0355977,1.9188660,19.8092151,"[0.9998327, 0.0013949, 0.0182419, 0.0156345, -0.0019053, 0.9996063, 0.0279963, -0.0050555, -0.0181956, -0.0280264, 0.9994417, -0.0119625, 0.0000000, 0.0000000, 0.0000000, 1.0000000]"
True,20,0.1000000,100,62.1510623,0.0327236,0.0563174,0.0334304,1.9155656,23.6789872,"[0.9999943, -0.0029427, 0.0016789, -0.0097098, 0.0029583, 0.9999518, -0.0093658, 0.0003438, -0.0016512, 0.0093707, 0.9999548, -0.0061896, 0.0000000, 0.0000000, 0.0000000, 1.0000000]"
True,20,0.1000000,100,67.1725929,0.0128605,0.0210741,0.0352886,1.9207487,21.7970410,"[0.9999422, -0.0095702, -0.0049141, -0.0084866, 0.0093662, 0.9991558, -0.0400074, -0.0200160, 0.0052927, 0.0399591, 0.9991876, 0.0011410, 0.0000000, 0.0000000, 0.0000000, 1.0000000]"
True,20,0.1000000,100,60.1980364,0.0218605,0.0341797,0.0333456,1.9162875,22.2271739,"[0.9999997, -0.0002399, 0.0006951, 0.0188920, 0.0002594, 0.9996012, -0.0282402, -0.0015480, -0.0006880, 0.0282404, 0.9996010, 0.0000177, 0.0000000, 0.0000000, 0.0000000, 1.0000000]"
True,25,0.1000000,100,69.7167251,0.0202895,0.0345437,0.0362874,1.9191997,22.1354656,"[0.9999574, 0.0016752, 0.0090698, 0.0228142, -0.0016698, 0.9999985, -0.0005967, -0.0044958, -0.0090708, 0.0005815, 0.9999587, -0.0013183, 0.0000000, 0.0000000, 0.0000000, 1.0000000]"
True,25,0.1000000,100,70.9376667,0.0185320,0.0290428,0.0360539,1.9181619,19.9528813,"[0.9999051, 0.0055828, 0.0125950, 0.0104113, -0.0057465, 0.9998990, 0.0130011, 0.0006458, -0.0125212, -0.0130723, 0.9998361, -0.0057126, 0.0000000, 0.0000000, 0.0000000, 1.0000000]"
True,25,0.1000000,100,70.3097675,0.0215951,0.0341357,0.0369097,1.9189538,24.7654954,"[0.9999983, 0.0016587, 0.0008230, 0.0182574, -0.0016483, 0.9999211, -0.0124557, -0.0043959, -0.0008436, 0.0124543, 0.9999221, -0.0024783, 0.0000000, 0.0000000, 0.0000000, 1.0000000]"
True,25,0.1000000,100,65.2721305,0.0218035,0.0352570,0.0354095,1.9182396,22.4751508,"[0.9999158, 0.0007777, 0.0129556, 0.0005149, -0.0009212, 0.9999382, 0.0110788, 0.0012476, -0.0129462, -0.0110898, 0.9998547, -0.0065329, 0.0000000, 0.0000000, 0.0000000, 1.0000000]"
True,25,0.1000000,100,61.3306398,0.0145123,0.0235087,0.0336315,1.9181867,22.7467085,"[0.9998411, -0.0019057, 0.0177251, -0.0168482, 0.0017363, 0.9999527, 0.0095693, -0.0143055, -0.0177425, -0.0095370, 0.9997971, -0.0026576, 0.0000000, 0.0000000, 0.0000000, 1.0000000]"
True,30,0.1000000,100,68.4111435,0.0214139,0.0289140,0.0359537,1.9138932,22.7356553,"[0.9998775, 0.0029308, 0.0153803, -0.0060853, -0.0030498, 0.9999656, 0.0077165, 0.0021549, -0.0153571, -0.0077625, 0.9998519, 0.0003332, 0.0000000, 0.0000000, 0.0000000, 1.0000000]"
True,30,0.1000000,100,77.2835500,0.0315370,0.0520067,0.0376299,1.9209311,23.2132885,"[0.9993382, 0.0125990, 0.0341458, 0.0194807, -0.0143761, 0.9985260, 0.0523646, -0.0118986, -0.0334365, -0.0528203, 0.9980461, -0.0087263, 0.0000000, 0.0000000, 0.0000000, 1.0000000]"
True,30,0.1000000,100,65.8990984,0.0214596,0.0357335,0.0353258,1.9183453,23.6271451,"[0.9999086, -0.0063001, 0.0119627, -0.0146121, 0.0062230, 0.9999597, 0.0064732, -0.0093449, -0.0120030, -0.0063982, 0.9999075, -0.0010612, 0.0000000, 0.0000000, 0.0000000, 1.0000000]"
True,30,0.1000000,100,62.6693900,0.0227091,0.0382674,0.0345702,1.9174826,23.2825047,"[0.9999367, -0.0068881, 0.0088975, -0.0058519, 0.0069332, 0.9999632, -0.0050485, -0.0144454, -0.0088624, 0.0051099, 0.9999477, 0.0030752, 0.0000000, 0.0000000, 0.0000000, 1.0000000]"
True,30,0.1000000,100,52.2806408,0.0209824,0.0347907,0.0320642,1.9171381,18.9572041,"[0.9999939, 0.0007466, 0.0034285, -0.0105171, -0.0007192, 0.9999678, -0.0079999, 0.0005412, -0.0034344, 0.0079973, 0.9999622, 0.0021263, 0.0000000, 0.0000000, 0.0000000, 1.0000000]"
True,35,0.1000000,100,77.7666659,0.0193735,0.0267042,0.0373542,1.9184355,20.9206214,"[0.9995555, 0.0066120, 0.0290810, -0.0123687, -0.0077559, 0.9991930, 0.0394236, 0.0033532, -0.0287971, -0.0396315, 0.9988000, 0.0047144, 0.0000000, 0.0000000, 0.0000000, 1.0000000]"
True,35,0.1000000,100,64.5412397,0.0186812,0.0297241,0.0360709,1.9175615,25.7127984,"[0.9999667, -0.0060787, 0.0054389, -0.0020912, 0.0061792, 0.9998066, -0.0186708, 0.0026513, -0.0053244, 0.0187038, 0.9998109, -0.0007551, 0.0000000, 0.0000000, 0.0000000, 1.0000000]"
True,35,0.1000000,100,67.6623461,0.0115455,0.0182475,0.0373223,1.9167142,22.8068493,"[0.9999455, -0.0008120, 0.0104097, 0.0041799, 0.0008580, 0.9999899, -0.0044150, -0.0016494, -0.0104060, 0.0044237, 0.9999360, -0.0014805, 0.0000000, 0.0000000, 0.0000000, 1.0000000]"
True,35,0.1000000,100,65.1935136,0.0190568,0.0278933,0.0360808,1.9175842,21.6248889,"[0.9999955, 0.0020819, 0.0021500, -0.0122698, -0.0020355, 0.9997692, -0.0213918, 0.0019823, -0.0021940, 0.0213873, 0.9997689, -0.0055255, 0.0000000, 0.0000000, 0.0000000, 1.0000000]"
True,35,0.1000000,100,68.1084447,0.0137117,0.0219437,0.0363617,1.9179521,22.4815452,"[0.9999980, -0.0007501, 0.0018785, -0.0025500, 0.0007974, 0.9996797, -0.0252965, 0.0029558, -0.0018589, 0.0252980, 0.9996783, -0.0021266, 0.0000000, 0.0000000, 0.0000000, 1.0000000]"
True,40,0.1000000,100,61.6317997,0.0200007,0.0335631,0.0354508,1.9194043,19.6560218,"[0.9999578, -0.0019437, 0.0089773, -0.0104508, 0.0020538, 0.9999227, -0.0122628, -0.0005993, -0.0089528, 0.0122808, 0.9998845, -0.0014366, 0.0000000, 0.0000000, 0.0000000, 1.0000000]"
True,40,0.1000000,100,64.5153348,0.0232610,0.0350219,0.0349977,1.9184486,22.3308371,"[0.9999540, 0.0008531, 0.0095502, -0.0008993, -0.0008553, 0.9999996, 0.0002305, 0.0012914, -0.0095500, -0.0002386, 0.9999543, -0.0192053, 0.0000000, 0.0000000, 0.0000000, 1.0000000]"
True,40,0.1000000,100,73.6511998,0.0262126,0.0361875,0.0367782,1.9160428,23.7871737,"[0.9999912, -0.0025014, 0.0033751, -0.0242554, 0.0025676, 0.9998016, -0.0197506, 0.0020179, -0.0033251, 0.0197591, 0.9997993, -0.0185190, 0.0000000, 0.0000000, 0.0000000, 1.0000000]"
True,40,0.1000000,100,64.2678554,0.0196981,0.0332919,0.0356021,1.9177543,22.4688409,"[0.9999784, -0.0000791, 0.0065797, 0.0111579, 0.0001924, 0.9998518, -0.0172183, -0.0014956, -0.0065773, 0.0172192, 0.9998301, -0.0012324, 0.0000000, 0.0000000, 0.0000000, 1.0000000]"
True,40,0.1000000,100,58.2786679,0.0256758,0.0431976,0.0338517,1.9170247,21.4711612,"[0.9999745, -0.0062211, 0.0035148, 0.0001604, 0.0062752, 0.9998587, -0.0155966, -0.0022265, -0.0034173, 0.0156183, 0.9998722, -0.0043627, 0.0000000, 0.0000000, 0.0000000, 1.0000000]"
True,45,0.1000000,100,64.4638987,0.0184629,0.0298252,0.0352444,1.9178983,24.0610962,"[0.9999463, -0.0102152, 0.0017398, -0.0159476, 0.0102484, 0.9997416, -0.0202924, -0.0124379, -0.0015321, 0.0203092, 0.9997926, -0.0035895, 0.0000000, 0.0000000, 0.0000000, 1.0000000]"
True,45,0.1000000,100,63.3359079,0.0267987,0.0432591,0.0352147,1.9167628,21.9875421,"[0.9999868, -0.0043216, 0.0027813, -0.0360634, 0.0043709, 0.9998291, -0.0179633, 0.0072089, -0.0027032, 0.0179752, 0.9998348, -0.0009791, 0.0000000, 0.0000000, 0.0000000, 1.0000000]"
True,45,0.1000000,100,73.4804535,0.0179136,0.0280345,0.0382597,1.9190053,22.3612717,"[0.9996086, 0.0073294, 0.0270081, -0.0175575, -0.0084782, 0.9990528, 0.0426960, -0.0073661, -0.0266698, -0.0429082, 0.9987238, -0.0096321, 0.0000000, 0.0000000, 0.0000000, 1.0000000]"
True,45,0.1000000,100,57.2518022,0.0194168,0.0300304,0.0337551,1.9182149,23.6832211,"[0.9999867, -0.0009093, 0.0050710, 0.0015217, 0.0010140, 0.9997855, -0.0206890, 0.0020885, -0.0050511, 0.0206939, 0.9997731, -0.0076236, 0.0000000, 0.0000000, 0.0000000, 1.0000000]"
True,45,0.1000000,100,62.6761827,0.0209793,0.0356931,0.0357505,1.9174758,21.5290311,"[0.9999660, -0.0017723, 0.0080540, 0.0018402, 0.0018149, 0.9999844, -0.0052823, 0.0021271, -0.0080445, 0.0052968, 0.9999536, -0.0114621, 0.0000000, 0.0000000, 0.0000000, 1.0000000]"
True,50,0.1000000,100,69.5796788,0.0218001,0.0340448,0.0369219,1.9169731,24.1691491,"[0.9999927, -0.0023165, 0.0030460, -0.0284110, 0.0024039, 0.9995764, -0.0290046, 0.0040623, -0.0029775, 0.0290117, 0.9995747, 0.0036733, 0.0000000, 0.0000000, 0.0000000, 1.0000000]"
True,50,0.1000000,100,74.4968011,0.0242074,0.0367557,0.0388412,1.9175646,22.8863232,"[0.9998758, -0.0040227, 0.0152402, -0.0031393, 0.0038380, 0.9999190, 0.0121352, 0.0044628, -0.0152878, -0.0120752, 0.9998102, -0.0071647, 0.0000000, 0.0000000, 0.0000000, 1.0000000]"
True,50,0.1000000,100,68.6365535,0.0223578,0.0364113,0.0367551,1.9171788,21.8110183,"[0.9999887, 0.0012303, 0.0045827, -0.0083234, -0.0011843, 0.9999490, -0.0100345, 0.0011828, -0.0045948, 0.0100289, 0.9999391, 0.0002016, 0.0000000, 0.0000000, 0.0000000, 1.0000000]"
True,50,0.1000000,100,67.4804666,0.0174977,0.0289048,0.0373444,1.9192352,22.7747819,"[0.9999696, -0.0065653, -0.0042061, -0.0014719, 0.0064408, 0.9995593, -0.0289804, -0.0128245, 0.0043944, 0.0289524, 0.9995712, -0.0013196, 0.0000000, 0.0000000, 0.0000000, 1.0000000]"
True,50,0.1000000,100,68.1672008,0.0196170,0.0331230,0.0359107,1.9171953,22.3766563,"[0.9999645, -0.0038381, 0.0074959, -0.0407634, 0.0039374, 0.9999040, -0.0132855, 0.0062808, -0.0074442, 0.0133145, 0.9998837, -0.0129703, 0.0000000, 0.0000000, 0.0000000, 1.0000000]"
True,55,0.1000000,100,66.2455552,0.0186278,0.0310501,0.0368236,1.9185327,20.3641492,"[0.9999868, -0.0038023, 0.0034634, 0.0000822, 0.0038437, 0.9999203, -0.0120274, 0.0028998, -0.0034174, 0.0120406, 0.9999217, 0.0000660, 0.0000000, 0.0000000, 0.0000000, 1.0000000]"
True,55,0.1000000,100,55.9191616,0.0185090,0.0305402,0.0338538,1.9177985,23.1175437,"[0.9999591, -0.0005386, 0.0090359, 0.0036970, 0.0005340, 0.9999997, 0.0005152, -0.0021167, -0.0090362, -0.0005104, 0.9999591, -0.0033007, 0.0000000, 0.0000000, 0.0000000, 1.0000000]"
True,55,0.1000000,100,60.2296329,0.0216295,0.0331696,0.0344234,1.9159747,23.8326320,"[0.9999834, -0.0033452, 0.0046872, -0.0013015, 0.0033926, 0.9999428, -0.0101369, 0.0015247, -0.0046530, 0.0101527, 0.9999377, -0.0034026, 0.0000000, 0.0000000, 0.0000000, 1.0000000]"
True,55,0.1000000,100,59.7264810,0.0132273,0.0208958,0.0349047,1.9188876,25.0380670,"[0.9999900, -0.0021357, 0.0039173, 0.0007373, 0.0022109, 0.9998115, -0.0192880, 0.0018053, -0.0038754, 0.0192964, 0.9998063, -0.0115037, 0.0000000, 0.0000000, 0.0000000, 1.0000000]"
True,55,0.1000000,100,56.0534399,0.0244624,0.0405767,0.0335875,1.9182456,22.2593975,"[0.9999816, -0.0050404, 0.0033826, 0.0146245, 0.0051101, 0.9997683, -0.0209105, -0.0212396, -0.0032765, 0.0209274, 0.9997756, -0.0049914, 0.0000000, 0.0000000, 0.0000000, 1.0000000]"
True,60,0.1000000,100,62.7198453,0.0221499,0.0371140,0.0366136,1.9180149,20.4697466,"[0.9999813, -0.0005914, 0.0060916, -0.0080587, 0.0006056, 0.9999971, -0.0023314, 0.0040390, -0.0060902, 0.0023350, 0.9999787, -0.0014264, 0.0000000, 0.0000000, 0.0000000, 1.0000000]"
True,60,0.1000000,100,49.7402742,0.0206838,0.0339225,0.0318257,1.9200736,20.3578577,"[0.9999582, -0.0037501, 0.0083384, 0.0092646, 0.0037500, 0.9999930, 0.0000302, 0.0003464, -0.0083385, 0.0000010, 0.9999653, -0.0023568, 0.0000000, 0.0000000, 0.0000000, 1.0000000]"
True,60,0.1000000,100,64.2848489,0.0336026,0.0557837,0.0359958,1.9175725,23.8371154,"[0.9999096, -0.0035883, 0.0129589, -0.0277307, 0.0035056, 0.9999734, 0.0063987, 0.0040022, -0.0129815, -0.0063527, 0.9998956, -0.0091059, 0.0000000, 0.0000000, 0.0000000, 1.0000000]"
True,60,0.1000000,100,64.5397151,0.0239738,0.0408399,0.0371649,1.9182539,23.0611210,"[0.9999487, -0.0100852, 0.0009687, -0.0107859, 0.0101150, 0.9992081, -0.0384900, 0.0123258, -0.0005799, 0.0384979, 0.9992588, -0.0118140, 0.0000000, 0.0000000, 0.0000000, 1.0000000]"
True,60,0.1000000,100,67.7193689,0.0140916,0.0238992,0.0371557,1.9170401,22.6736004,"[0.9999840, -0.0002698, 0.0056600, -0.0153178, 0.0003517, 0.9998951, -0.0144788, 0.0040641, -0.0056555, 0.0144806, 0.9998792, -0.0027137, 0.0000000, 0.0000000, 0.0000000, 1.0000000]"
True,65,0.1000000,100,51.3057070,0.0281107,0.0369495,0.0334249,1.9168410,21.2205801,"[0.9999593, -0.0008586, 0.0089738, -0.0241027, 0.0008977, 0.9999901, -0.0043538, 0.0023185, -0.0089700, 0.0043617, 0.9999502, -0.0049679, 0.0000000, 0.0000000, 0.0000000, 1.0000000]"
True,65,0.1000000,100,65.8734479,0.0216492,0.0365481,0.0367737,1.9167646,23.0889041,"[0.9999830, 0.0041587, 0.0040994, 0.0004096, -0.0041056, 0.9999084, -0.0129002, 0.0021177, -0.0041527, 0.0128832, 0.9999084, 0.0036949, 0.0000000, 0.0000000, 0.0000000, 1.0000000]"
True,65,0.1000000,100,57.6948788,0.0207024,0.0345806,0.0346223,1.9164933,22.2136435,"[0.9999107, 0.0009516, 0.0133313, 0.0098092, -0.0011152, 0.9999241, 0.0122715, -0.0019931, -0.0133187, -0.0122853, 0.9998358, 0.0000133, 0.0000000, 0.0000000, 0.0000000, 1.0000000]"
True,65,0.1000000,100,55.7761855,0.0186750,0.0315443,0.0349858,1.9208022,23.0179247,"[0.9999737, 0.0022275, 0.0069063, 0.0090006, -0.0022139, 0.9999956, -0.0019805, -0.0017172, -0.0069107, 0.0019652, 0.9999742, -0.0028631, 0.0000000, 0.0000000, 0.0000000, 1.0000000]"
True,65,0.1000000,100,63.6702249,0.0253770,0.0411097,0.0364941,1.9201636,22.5463746,"[0.9999530, -0.0017932, 0.0095302, -0.0152159, 0.0018148, 0.9999958, -0.0022546, 0.0004047, -0.0095261, 0.0022718, 0.9999520, -0.0036118, 0.0000000, 0.0000000, 0.0000000, 1.0000000]"
True,70,0.1000000,100,61.9880466,0.0256661,0.0425196,0.0350711,1.9188464,21.2215453,"[0.9999958, -0.0021974, 0.0019143, -0.0039108, 0.0022396, 0.9997483, -0.0223257, 0.0040651, -0.0018648, 0.0223298, 0.9997489, 0.0000441, 0.0000000, 0.0000000, 0.0000000, 1.0000000]"
True,70,0.1000000,100,45.4125590,0.0203591,0.0331316,0.0308135,1.9179082,21.7714216,"[0.9999815, -0.0001715, 0.0060803, -0.0200630, 0.0002654, 0.9998807, -0.0154467, 0.0037328, -0.0060770, 0.0154480, 0.9998622, -0.0075601, 0.0000000, 0.0000000, 0.0000000, 1.0000000]"
True,70,0.1000000,100,59.4241955,0.0185111,0.0297690,0.0354027,1.9174908,22.6424181,"[0.9999531, 0.0017169, 0.0095306, 0.0046743, -0.0016858, 0.9999932, -0.0032715, 0.0003913, -0.0095362, 0.0032553, 0.9999492, -0.0090391, 0.0000000, 0.0000000, 0.0000000, 1.0000000]"
True,70,0.1000000,100,57.4786277,0.0299004,0.0490923,0.0361263,1.9189680,21.8018629,"[0.9999393, 0.0028077, 0.0106505, -0.0168675, -0.0029222, 0.9999380, 0.0107463, -0.0002264, -0.0106197, -0.0107768, 0.9998856, -0.0035756, 0.0000000, 0.0000000, 0.0000000, 1.0000000]"
True,70,0.1000000,100,62.9969609,0.0268490,0.0437482,0.0361485,1.9191563,22.0544113,"[0.9998968, 0.0055923, 0.0132320, -0.0413308, -0.0057151, 0.9999408, 0.0092591, 0.0176441, -0.0131795, -0.0093338, 0.9998696, -0.0068672, 0.0000000, 0.0000000, 0.0000000, 1.0000000]"
True,75,0.1000000,100,58.0009131,0.0278734,0.0459044,0.0353182,1.9157952,23.2492815,"[0.9999653, -0.0047966, 0.0068097, 0.0263274, 0.0048540, 0.9999526, -0.0084368, -0.0033509, -0.0067689, 0.0084696, 0.9999412, -0.0002603, 0.0000000, 0.0000000, 0.0000000, 1.0000000]"
True,75,0.1000000,100,60.0692558,0.0314613,0.0514124,0.0358853,1.9173294,21.7430047,"[0.9999955, -0.0029730, -0.0004485, 0.0462496, 0.0029708, 0.9999844, -0.0047201, -0.0026036, 0.0004625, 0.0047187, 0.9999887, 0.0013987, 0.0000000, 0.0000000, 0.0000000, 1.0000000]"
True,75,0.1000000,100,63.0000803,0.0219630,0.0370794,0.0371271,1.9180670,24.3840533,"[0.9999657, -0.0041252, 0.0071908, -0.0118211, 0.0041661, 0.9999751, -0.0056930, 0.0060716, -0.0071671, 0.0057228, 0.9999579, -0.0054193, 0.0000000, 0.0000000, 0.0000000, 1.0000000]"
True,75,0.1000000,100,57.4089003,0.0182321,0.0303807,0.0350849,1.9170210,21.6912799,"[0.9999564, 0.0023984, 0.0090280, 0.0036518, -0.0023918, 0.9999968, -0.0007452, -0.0027479, -0.0090298, 0.0007235, 0.9999590, -0.0040006, 0.0000000, 0.0000000, 0.0000000, 1.0000000]"
True,75,0.1000000,100,62.4126024,0.0183912,0.0305643,0.0365182,1.9186219,23.7372748,"[0.9999405, 0.0036452, 0.0102775, 0.0148372, -0.0037373, 0.9999529, 0.0089545, -0.0001817, -0.0102444, -0.0089924, 0.9999071, -0.0114269, 0.0000000, 0.0000000, 0.0000000, 1.0000000]"
True,80,0.1000000,100,60.8362710,0.0244121,0.0399651,0.0358765,1.9166584,23.2672682,"[0.9999733, -0.0050376, 0.0052954, -0.0203118, 0.0050588, 0.9999792, -0.0040045, 0.0035406, -0.0052751, 0.0040312, 0.9999779, -0.0019111, 0.0000000, 0.0000000, 0.0000000, 1.0000000]"
True,80,0.1000000,100,63.3610094,0.0174618,0.0276488,0.0363084,1.9167897,23.1788525,"[0.9999673, -0.0061618, 0.0052460, -0.0316336, 0.0061976, 0.9999574, -0.0068415, -0.0061437, -0.0052036, 0.0068738, 0.9999629, -0.0073896, 0.0000000, 0.0000000, 0.0000000, 1.0000000]"
True,80,0.1000000,100,58.1495891,0.0199957,0.0312648,0.0353235,1.9162579,21.7954442,"[0.9999910, 0.0038719, 0.0017435, -0.0073174, -0.0038348, 0.9997764, -0.0207995, -0.0039459, -0.0018236, 0.0207927, 0.9997821, -0.0064122, 0.0000000, 0.0000000, 0.0000000, 1.0000000]"
True,80,0.1000000,100,59.5366790,0.0227375,0.0360809,0.0354761,1.9189628,21.7760211,"[0.9999732, -0.0066255, 0.0031221, 0.0051979, 0.0067403, 0.9992433, -0.0383132, 0.0027772, -0.0028659, 0.0383332, 0.9992612, -0.0030506, 0.0000000, 0.0000000, 0.0000000, 1.0000000]"
True,80,0.1000000,100,70.0493746,0.0252969,0.0415818,0.0381296,1.9173412,23.3161705,"[0.9999348, -0.0028257, 0.0110669, -0.0064731, 0.0028754, 0.9999859, -0.0044750, 0.0043819, -0.0110541, 0.0045065, 0.9999288, -0.0094009, 0.0000000, 0.0000000, 0.0000000, 1.0000000]"
True,85,0.1000000,100,67.6984813,0.0229793,0.0351461,0.0376615,1.9152077,22.4630910,"[0.9999975, 0.0017210, 0.0014504, 0.0215335, -0.0017176, 0.9999956, -0.0023986, -0.0025521, -0.0014546, 0.0023961, 0.9999961, -0.0010956, 0.0000000, 0.0000000, 0.0000000, 1.0000000]"
True,85,0.1000000,100,48.4755988,0.0143696,0.0224887,0.0328558,1.9210409,22.8463264,"[0.9999890, -0.0002595, 0.0046862, -0.0142794, 0.0003084, 0.9999456, -0.0104294, -0.0017599, -0.0046832, 0.0104307, 0.9999346, -0.0025097, 0.0000000, 0.0000000, 0.0000000, 1.0000000]"
True,85,0.1000000,100,54.5466061,0.0141812,0.0228038,0.0341709,1.9174094,23.3243121,"[0.9999108, -0.0005416, 0.0133492, -0.0179574, 0.0005874, 0.9999939, -0.0034299, 0.0052008, -0.0133473, 0.0034375, 0.9999050, -0.0083645, 0.0000000, 0.0000000, 0.0000000, 1.0000000]"
True,85,0.1000000,100,49.2058420,0.0215172,0.0358206,0.0330008,1.9158775,22.8150690,"[0.9999681, 0.0028840, 0.0074478, 0.0352737, -0.0027778, 0.9998949, -0.0142325, -0.0072806, -0.0074881, 0.0142113, 0.9998710, -0.0025270, 0.0000000, 0.0000000, 0.0000000, 1.0000000]"
True,85,0.1000000,100,65.7424254,0.0219763,0.0307053,0.0374484,1.9183234,22.1940279,"[0.9998851, 0.0003344, 0.0151522, 0.0173510, -0.0004173, 0.9999850, 0.0054702, -0.0196222, -0.0151501, -0.0054759, 0.9998702, -0.0042736, 0.0000000, 0.0000000, 0.0000000, 1.0000000]"
True,90,0.1000000,100,57.9943035,0.0222613,0.0339694,0.0349408,1.9181250,22.1115093,"[0.9999423, -0.0090574, 0.0057749, 0.0063493, 0.0090802, 0.9999511, -0.0039308, -0.0163175, -0.0057390, 0.0039830, 0.9999756, -0.0034902, 0.0000000, 0.0000000, 0.0000000, 1.0000000]"
True,90,0.1000000,100,65.9506655,0.0241977,0.0399269,0.0376070,1.9202118,21.0343174,"[0.9999495, -0.0067072, 0.0074937, -0.0112595, 0.0068175, 0.9998673, -0.0147963, 0.0072555, -0.0073935, 0.0148467, 0.9998624, -0.0057634, 0.0000000, 0.0000000, 0.0000000, 1.0000000]"
True,90,0.1000000,100,59.6013637,0.0179075,0.0294997,0.0359860,1.9168278,21.5521359,"[0.9999952, 0.0000632, 0.0030974, -0.0409561, -0.0000529, 0.9999945, -0.0033318, 0.0131389, -0.0030975, 0.0033316, 0.9999896, -0.0063111, 0.0000000, 0.0000000, 0.0000000, 1.0000000]"
True,90,0.1000000,100,58.8116627,0.0239443,0.0393565,0.0357064,1.9175359,22.1796577,"[0.9999983, -0.0017801, 0.0003944, -0.0085223, 0.0017807, 0.9999974, -0.0014405, 0.0006288, -0.0003919, 0.0014412, 0.9999989, -0.0007821, 0.0000000, 0.0000000, 0.0000000, 1.0000000]"
True,90,0.1000000,100,56.6930139,0.0209970,0.0308472,0.0369095,1.9175321,23.6856351,"[0.9999810, -0.0055128, 0.0027561, 0.0164888, 0.0055030, 0.9999785, 0.0035523, -0.0036393, -0.0027756, -0.0035371, 0.9999899, 0.0019553, 0.0000000, 0.0000000, 0.0000000, 1.0000000]"
True,95,0.1000000,100,62.9460824,0.0280446,0.0457719,0.0373765,1.9170042,20.2143612,"[0.9998983, -0.0038736, 0.0137259, 0.0125849, 0.0039673, 0.9999690, -0.0068038, -0.0070843, -0.0136991, 0.0068576, 0.9998826, -0.0028774, 0.0000000, 0.0000000, 0.0000000, 1.0000000]"
True,95,0.1000000,100,58.9485366,0.0183983,0.0314345,0.0368902,1.9204646,22.9606999,"[0.9998373, 0.0033160, 0.0177303, 0.0223409, -0.0035210, 0.9999272, 0.0115439, -0.0036348, -0.0176907, -0.0116044, 0.9997762, 0.0130193, 0.0000000, 0.0000000, 0.0000000, 1.0000000]"
True,95,0.1000000,100,55.4965887,0.0131006,0.0211351,0.0350419,1.9179459,22.5397985,"[0.9999704, -0.0032737, 0.0069607, -0.0039824, 0.0033057, 0.9999840, -0.0045853, 0.0049850, -0.0069456, 0.0046082, 0.9999653, -0.0059645, 0.0000000, 0.0000000, 0.0000000, 1.0000000]"
True,95,0.1000000,100,58.6304629,0.0151712,0.0246145,0.0366715,1.9182196,23.7077188,"[0.9999387, -0.0042146, 0.0102402, -0.0253198, 0.0043445, 0.9999100, -0.0126933, 0.0133671, -0.0101858, 0.0127370, 0.9998670, -0.0091310, 0.0000000, 0.0000000, 0.0000000, 1.0000000]"
True,95,0.1000000,100,45.1676786,0.0213909,0.0351242,0.0324625,1.9173410,22.2770266,"[0.9999916, 0.0003902, 0.0040871, 0.0052621, -0.0003555, 0.9999639, -0.0084850, -0.0069486, -0.0040902, 0.0084835, 0.9999557, -0.0009547, 0.0000000, 0.0000000, 0.0000000, 1.0000000]"
